1877832
1807198
1797368
1863493
1700202
1697565
1698350
1716646
1708997
1711519
1704884
1738527
1707156
1708886
1698430
1696999
1696429
1703012
1715444
1704336
1694457
1819302
1702234
1698517
1698232
1697475
1742723
1610016
1608108
1607676
1608402
1607136
1608036
1607166
1659048
1609674
1608216
1607838
1607478
1608222
1606980
1607814
1607286
1637034
1609092
1608714
1608162
1607586
1607394
1607400
1607040
1615362
1528356
1527960
1527576
1527327
1527696
1527438
1526850
1553178
1528488
1528119
1527597
1527486
1527117
1527480
1528044
1526970
1538847
1528368
1528263
1527714
1528056
1528230
1527723
1527978
1566999
1456320
1456032
1456950
1456374
1455600
1467222
1466718
1460394
1475640
1460118
1454904
1454730
1454640
1454160
1454520
1453980
1454514
1462572
1454472
1454256
1454430
1454466
1454076
1454538
1454016
1454760
1468650
1417086
1389186
1388856
1389102
1388544
1389330
1388892
1388346
1388640
1396584
1388544
1388556
1388904
1388772
1388412
1388892
1388538
1389264
1396026
1389492
1389258
1388898
1389318
1388502
1388598
1388802
1389066
1388688
1391935
1329307
1328986
1329173
1328543
1329235
1328316
1328560
1328438
1328291
1336146
1328341
1328443
1328291
1328099
1327741
1328264
1328072
1328027
1327940
1336181
1328814
1328991
1328814
1329133
1328204
1328234
1328057
1328087
1328503
1316699
1273582
1272833
1273678
1272998
1273833
1273115
1273226
1272772
1273493
1280644
1274059
1294382
1286845
1283789
1293326
1282385
1280306
1281182
1279055
1321368
1279951
1279090
1275846
1275399
1276597
1342653
1330390
1333233
1303249
1359104
1245836
1242785
1236374
1237423
1232272
1224604
1222716
1222345
1222397
1222335
1253803
1224427
1222985
1222407
1222843
1222250
1222686
1222275
1222240
1222437
1222051
1254919
1223630
1222624
1222034
1222664
1221645
1229652
1231757
1250177
1243659
1313906
1183522
1177638
1176110
1175871
1175185
1175288
1175292
1175491
1174851
1175302
1195885
1176516
1180892
1193011
1188416
1177821
1175562
1175450
1175531
1174790
1175283
1195072
1184091
1176988
1175633
1175684
1175506
1175186
1175663
1174912
1174516
1174845
1174887
1180832
1132960
1131948
1132336
1132056
1132336
1132072
1131792
1132188
1143252
1141540
1193148
1157912
1156024
1149864
1144012
1132408
1131792
1132004
1131624
1131860
1131564
1131944
1170860
1132972
1132584
1133464
1145148
1147172
1137768
1132260
1131772
1131468
1131608
1187381
1094107
1100999
1100595
1094004
1091677
1092341
1092271
1091360
1091788
1091343
1092115
1101635
1092911
1091920
1092234
1091690
1092192
1092234
1092098
1091187
1091504
1093240
1104069
1136265
1023320
1080125
1144551
1093793
1092250
1127557
1093542
1092374
1091409
1091702
1091297
1151376
1055568
1054236
1054300
1054960
1060692
1068968
1062668
1056344
1054440
1054436
1054168
1054400
1081668
1054404
1054400
1105822
1112099
1061032
1055688
1054360
1054656
1054100
1053860
1053484
1063168
1054120
1053788
1053860
1054648
1054240
1054296
1054484
1054636
1054580
1054292
1054544
1062772
996652
1004164
1022520
1011308
1028831
1082016
1025160
1019580
1019588
1018850
1019122
1018446
1054998
1019932
1019420
1019436
1018842
1018924
1019254
1029824
1035230
1026230
1019662
1020186
1019140
1044104
1019576
1019250
1019366
1019028
1018614
1072278
1078312
1024274
1019424
1019700
1019550
1019840
1046037
987576
986700
985816
986084
985856
985860
986032
986140
985964
985932
985756
985888
991664
986048
986204
991416
996008
1018156
1011516
1006284
994400
986860
986276
985848
986264
1014956
994480
987160
986412
987100
985976
985720
986144
985924
986664
990356
999920
999276
990424
1024175
956703
955948
955709
955251
954838
955296
954900
955366
961368
964907
958023
956740
965370
956554
955354
955387
955177
955597
955759
955437
955300
955997
955329
955304
955111
955441
960911
956043
955548
955482
956373
967655
966979
986923
961158
955738
956435
955416
956327
955428
997583
927424
927460
926776
927476
926724
927308
927528
926792
926776
926480
927508
939004
939316
944784
926584
926104
926672
926472
926676
926992
926492
926192
926936
926256
926552
931328
935548
938392
927044
926464
926860
927872
926560
926304
926512
926316
926776
926164
926544
926880
926396
973287
902169
899829
899559
902490
901041
899103
899157
899007
899196
899466
899367
899868
899910
899955
906303
899274
898989
899337
899094
899385
899100
899976
899919
899967
899166
900243
899259
899286
903936
899994
900132
900285
900225
900195
899736
901272
903504
899400
899001
899457
898998
899769
899682
925296
875787
874614
873780
874059
873843
874188
873387
874083
873906
873711
873435
873843
873465
873657
879660
873951
873819
873873
877086
953745
885684
874617
874335
874944
881451
885885
934605
877683
874257
900567
875712
873858
873774
873630
873549
873363
874203
873252
873426
873336
873774
873726
873558
873213
900651
850836
849900
849528
849156
849111
849297
849015
849618
849264
849147
849105
849618
849624
849678
916206
876375
849570
956004
851640
849864
849618
849732
849180
849723
849750
849678
849228
849579
849291
849462
865707
849792
849984
849261
849915
849996
886017
1085745
962658
879423
874086
876042
882957
887148
976071
877656
874689
874104
875478
874506
874410
873543
873747
873588
873969
873651
874101
874041
889134
893325
896193
850194
849969
849798
850248
849705
850065
849723
850242
849330
849570
849066
849729
849159
849459
923802
851877
850194
849636
849588
905784
901680
850233
849684
849888
849594
849819
849075
849291
849663
871773
850857
849699
849789
849495
849966
894804
1020426
881274
875772
874764
874362
874563
874215
874836
903210
890211
937527
878004
874200
873735
890793
850134
883686
873834
874080
874089
873690
873354
873696
900990
874860
873996
873780
874113
873993
892767
850095
849645
850047
849708
849726
849105
849399
849144
868458
850449
851100
850206
850002
849273
849471
849057
849582
957024
851232
850050
849843
849213
849570
849222
856212
849471
849882
849576
850437
849417
849399
850173
895035
1094847
943749
853467
850068
849648
873243
857676
897369
874638
886662
911919
908304
874605
873798
874215
875196
874386
873267
873354
873183
900114
874695
873681
873753
873774
873288
873993
884244
849507
849687
849498
849390
849552
849147
848745
849483
855726
849516
849570
849693
849873
849522
849450
849756
848784
848979
848793
955713
851061
849798
849585
859908
849762
850164
850581
849354
849321
849387
849264
849012
849081
848727
850875
961173
1007061
855885
880233
881937
873735
873405
874008
873918
879492
887397
888303
939822
880938
874119
874242
874431
874629
897519
874341
873981
873900
873828
873486
874563
879417
850395
849783
850218
850101
849501
849444
849522
856065
850149
849981
849726
849366
849354
849546
849285
849693
849486
849933
849324
849804
849993
880116
930390
860316
850350
850092
849807
849960
849576
849555
849300
849459
849183
849414
849081
849582
850467
914124
1049811
855378
850863
850311
1026549
884292
859158
885717
989613
916884
885066
886545
937803
875313
910320
876309
874500
874224
874170
874521
874035
873963
873645
874197
874215
873861
873681
873828
873678
902160
851010
850722
849915
849987
849786
849690
849294
849597
849285
849498
849420
896949
850137
849810
849876
864864
902148
902613
850812
849726
849462
849432
850038
849255
850146
850068
849624
849396
849414
849366
855795
850626
849714
850011
849894
850152
849537
849465
849540
849366
852543
851418
849534
849570
849444
849390
869952
827055
827118
853458
854544
827115
826602
827181
827475
827124
826422
826707
826650
827121
826611
826884
831804
826416
826767
826947
826689
826791
826695
826449
826788
826548
827031
826527
827061
826611
826632
830967
826998
826716
826776
850269
855063
827511
826827
827415
826836
826599
826626
853743
853527
827784
826815
833367
827556
827142
826764
827238
826680
826725
826515
826701
826341
826707
826569
826704
826425
826566
826584
831435
827133
826800
827145
827478
826509
827325
826671
826434
826977
826650
827088
826434
827286
826710
826698
831084
827127
826920
827454
853710
853248
827208
826833
827142
827421
827094
826869
826878
826863
827076
827019
832818
827382
826824
826779
826956
826818
826749
878610
827175
826899
827142
826896
826920
826896
826887
826590
831807
827079
826551
826899
826581
826785
826584
826689
826737
826581
826476
826851
854370
852615
827133
826989
831648
827055
826716
827373
826410
939456
827838
827133
826884
827580
826935
826776
826338
826953
826380
836697
827058
827205
826386
827478
826581
826737
826857
826827
826524
827289
826401
827037
826515
826608
826560
831672
827010
826356
826710
826434
881142
827478
827010
827112
826356
878916
826902
827214
855195
854274
827058
831600
827184
827040
826878
826749
827355
827238
826764
826452
826593
826296
826494
826692
827220
826644
826515
833187
827412
826926
828024
827307
826929
826290
826500
826197
826926
826386
827295
826524
880047
827910
827115
832410
827256
826869
827067
826740
826539
826842
826755
826563
826749
826602
826581
826428
826878
826338
826683
831495
827121
826914
827088
826872
827490
826377
827274
826362
827169
826554
826650
854475
851079
827040
832950
827337
827322
827070
827589
827109
880374
827610
826758
827172
826530
826896
826614
826668
826632
826659
831012
827115
826593
827106
827040
826605
827040
826641
826764
827283
826425
826743
826317
827133
826971
826737
831315
827310
826740
826779
826602
826644
826548
826965
826476
827457
826398
826617
826305
827139
880419
827475
833853
827283
827064
826938
826719
826788
826695
826716
826377
826872
826425
826707
826653
826632
826563
826833
883731
827220
826962
826914
826899
827028
826308
826719
826560
826809
826557
826584
826596
826746
826296
827055
831480
827115
827115
827472
827250
826728
879711
827838
826653
827202
826899
826635
826401
826845
826413
827034
833211
826911
827064
826794
826851
826629
826734
826461
826947
826476
826695
826356
826662
826644
826596
831099
827745
827652
827505
826563
826581
826488
826749
826563
826551
826536
826680
826872
826785
826644
880194
831804
827400
827184
879408
827601
827115
826728
826293
826722
826491
826713
826410
827247
826461
826932
826512
833247
827160
826602
826449
826698
826428
826851
826602
827025
826422
826797
826419
826686
826590
826539
826917
831132
827118
827163
827445
826680
826818
826749
879945
827790
827088
883641
828972
827121
826713
827244
826716
832818
827124
826995
827463
826686
826671
826470
827139
826614
827514
826326
826731
826434
827058
826761
827457
833481
827019
826767
827181
826794
854268
851733
827091
827088
827211
826974
827139
826530
826635
826407
880443
832938
826863
827193
826908
827028
826494
827016
826800
826743
826314
826839
826539
827232
826392
826944
830661
827307
827328
827811
826767
826833
826608
826578
826410
826959
826815
827139
826434
826677
826521
826836
832992
827085
826815
826590
826644
826824
826740
826602
880146
827088
827502
827112
826785
826881
826707
826716
831321
826950
826440
826908
826605
827061
826563
826632
826902
879009
827148
826824
827376
827148
826866
826443
831054
827256
826359
827406
826776
827370
826398
826737
826494
826698
826524
826575
826788
826701
826368
826761
888438
828093
827031
827298
827262
827280
1039683
860862
857364
863046
1007643
881820
875028
873819
873783
906291
886836
886500
938847
878481
874152
873780
873432
873864
873570
873519
873096
873588
873219
874047
897741
875103
874299
873594
873801
873846
874179
873834
877392
827469
826767
997647
828423
826893
826578
896838
827016
826647
870864
849822
849234
850047
849714
849237
849051
849360
849045
849606
849156
849159
854721
863985
826737
827079
827001
826707
826623
826548
826356
826020
826746
826062
884679
827316
827259
826698
831786
880302
827256
826488
827073
826071
826398
826170
826425
826863
826509
826194
826563
826299
826314
826044
832686
826428
826431
826377
826485
826017
826503
826851
826113
826530
826194
826122
826032
826386
851058
853419
884325
827592
826761
826707
826563
826923
826671
826194
826164
879954
827064
826587
826287
826602
826725
826287
831195
826038
826923
826782
827067
826332
826359
826218
826443
826047
826602
826008
826296
826236
826335
825969
833952
826455
826341
826461
826335
826521
826248
826476
826326
826605
826026
826671
826308
826560
826161
826575
831348
880239
827187
827091
827190
826671
826983
827022
826653
826386
826044
826689
826251
826122
826287
830502
826431
878364
827259
826437
826680
826095
826389
826020
826155
826293
826515
826098
826314
826314
826758
832074
826371
826446
825915
826416
826068
939324
827859
826872
826650
881580
827199
826737
826443
826122
825936
833919
826311
826293
826227
826503
826104
826350
826062
826110
826107
826395
826092
826287
826152
826521
826311
831987
826230
826170
825729
826530
826062
826116
826455
826632
826326
826389
826197
826359
851838
857022
827244
833907
826590
880779
827148
878718
826563
827004
826434
826854
826758
826614
826146
826335
826200
826410
830565
826254
826296
826233
826488
826293
826221
826143
826854
826326
826395
826560
826668
826455
826362
826428
831216
826917
826761
826782
826839
826833
826461
826209
826173
826602
826674
929280
1066911
910665
861279
827520
839520
827556
827016
876519
873732
873867
873543
873189
873594
873420
873777
874359
873816
873414
874101
878436
885033
826686
826860
826479
826278
826530
878544
827319
826749
827463
826278
826662
825933
826512
826632
831987
826458
881061
827541
826794
827100
826425
827190
826269
826557
826422
826557
826413
826893
826410
826641
839352
827355
826713
826968
826971
827298
826758
826695
826350
826470
826182
826569
826800
826659
826458
832878
827217
826812
826965
826542
826452
826713
826794
826377
826656
826404
856965
850599
827058
826827
827430
831291
826836
826704
826722
826728
826248
826557
826563
826530
826638
854259
850962
826857
826533
826788
826365
832803
827154
826767
826383
827004
826236
826671
826269
826524
826602
826968
826410
826617
882105
827157
826824
831699
826974
826641
879768
827859
826746
827337
826551
826461
826869
826494
826455
826470
826626
826692
826488
831342
826656
827574
826653
826791
826119
826701
826440
826647
826428
827268
826446
826500
826668
827160
826329
832989
826269
826536
826281
826494
826545
826551
826581
827001
826461
826578
879909
827115
879132
827013
826710
832083
826521
826785
826947
826962
826749
826626
826704
827040
826722
826566
826047
826389
826266
826641
830682
827364
826731
826740
826968
826695
827034
826476
826434
826422
826476
826176
826563
826338
826944
826542
832959
827031
826932
826758
880077
826893
826686
826434
826692
826407
826245
826467
826857
826623
826491
826650
831042
826674
826563
826092
826518
826311
826719
826251
827352
826494
826590
826452
826812
826824
826518
826275
882759
827115
826722
827040
826707
826959
826542
826569
826182
826467
826407
826581
911283
910278
991197
829818
903567
827682
913284
909159
887856
1113954
941595
851052
849642
850329
876525
875001
874518
873837
883404
873927
873378
873477
873792
873465
873318
873600
873234
893370
826803
826881
826722
826317
826641
826242
831264
826497
826623
826659
882720
827727
826455
826446
826161
826686
826977
826776
826053
826410
826149
835101
826749
826332
854529
970545
828072
827214
826371
826449
826584
826455
826227
826677
826152
826653
826443
831711
826851
826809
826716
827028
826230
937731
943017
858483
857877
916734
1035816
882078
874914
930651
914535
886236
885291
911640
917361
882855
884661
885039
886788
877683
873639
873276
873681
873570
873528
909633
875322
874104
874110
874290
873474
873984
873462
873957
884772
826665
826647
826788
826266
826938
892137
827454
827493
827202
826440
853101
978057
879621
827538
827079
826629
826959
864996
850152
849684
849993
856608
849843
849954
849756
850254
849747
850308
851031
851640
870885
827019
827190
827145
826707
887520
941649
861156
860919
1085469
979995
875985
874212
874260
874446
873840
874482
873540
873615
874206
873996
883965
874632
863808
826920
826965
827193
826320
826785
826470
826602
826425
826386
826404
826299
826290
826545
831459
827088
826146
826563
826347
826437
826665
826386
885204
939975
827844
827121
826932
826335
826671
834528
827166
827241
826797
827493
826971
856503
850968
826848
826851
826908
826395
826755
827100
826800
826281
831636
826710
971454
861645
953181
940728
851421
850206
849282
906975
850524
849564
850101
849120
850071
859050
849996
849996
849792
849897
849486
849534
849405
849792
849495
849726
849621
849531
849153
904506
850332
858987
849840
849942
849684
849951
849687
850326
849675
849822
849153
849495
966552
829077
826896
826677
832668
827037
826749
827115
827004
826230
826455
826182
827121
826707
827040
826332
826716
826419
940737
827706
836622
826842
827157
827007
826953
826905
854313
853836
827007
826896
826368
826488
826485
827421
827100
833289
826896
826734
826302
827238
826461
826479
826290
826356
826677
826965
826869
826671
826401
826659
826779
831186
827244
826698
827064
826680
827160
853008
855330
827001
826626
827046
826968
826557
826935
826590
865476
857379
826977
826902
827142
826977
826758
826809
826548
826575
826356
826677
826425
827106
826674
826908
826446
832509
827163
827385
827073
826515
826791
826515
826716
826428
826386
826941
826725
826401
826749
826371
826632
831900
826773
827022
826632
826509
826644
826578
854208
852372
826923
826647
826530
826452
826848
826260
826560
831663
826473
826995
826329
826668
826407
827013
826593
826530
826692
826602
826368
826749
826512
826662
826296
833355
878790
826707
826980
826707
827502
826395
826524
826290
826755
826299
826497
827013
826656
826455
855207
856635
827460
826755
826971
826797
827091
826662
826599
826311
826650
826401
826539
826635
827091
826932
830883
826809
826650
826764
827133
826689
826959
826326
826371
826455
826593
827139
826695
826770
826536
826398
832620
827793
827364
826737
826533
826209
826782
826518
854700
851823
826857
826638
827166
826224
826995
826422
831159
826692
826614
826305
826728
878490
827019
826602
826848
826452
826965
826614
826851
826407
826491
826323
831216
826875
827061
826659
827088
826611
827211
826578
826578
826326
826500
826356
826725
826326
826710
826974
861954
851757
826977
826851
827280
826317
826296
826101
826848
826308
826470
826146
826356
825930
826371
825981
831120
826749
826428
826188
826557
826095
826281
825987
826830
826269
826224
826251
826422
826263
826596
826470
831564
826479
826713
826485
827175
826464
826326
877791
855240
850935
827334
827130
826809
826851
826767
832509
827181
827052
826779
826560
826473
826347
826194
827043
826869
826875
826200
826485
826377
826695
826080
831102
826641
826860
826599
826860
826914
826596
826782
826395
826086
826614
826392
826404
826278
826359
826179
830694
855453
851397
826584
826773
826593
826050
826578
826209
826317
826392
826311
825951
826212
826737
826035
869229
851046
849696
849405
849471
849498
849252
849651
849285
849618
901785
849705
849543
849621
849480
849603
854664
849324
850020
849390
850041
849045
849384
849216
849294
902943
850329
849597
850059
849669
849366
854031
849456
849432
849120
849777
849654
849558
849165
849561
849054
849207
849294
849087
849201
849684
855417
850350
850137
849636
850116
848817
849207
848811
849171
848847
849210
848943
849306
849036
849591
848964
854424
873300
879564
849810
849345
849195
848742
849108
848961
849093
848865
849225
848997
901593
849528
854613
849351
849501
849333
849807
849186
849033
849021
849522
849369
849624
849534
849315
848793
875778
993426
880407
859773
886722
1070166
834768
895113
874089
875001
880773
885033
883302
938607
880689
874572
909093
875490
874770
874269
873921
873399
873696
873930
874578
873564
873645
877956
826761
826905
826935
827133
892374
826863
826917
826827
826911
826209
826479
826326
826467
826320
826740
826827
826458
826347
826578
835095
996705
851835
856647
827157
851730
850011
849969
849363
849477
849747
849189
849444
849294
849567
849069
856980
850716
849516
860775
826833
826929
826473
826389
826617
826215
826377
826635
826791
826893
826530
826338
831252
826386
826578
826917
826581
826428
826455
826302
826551
826737
880191
827028
827226
826935
826743
832788
826968
826815
826716
826443
826644
826524
826347
826461
826608
826461
826533
827571
826269
826596
826197
831006
826737
827394
854505
850683
826821
826707
826629
826353
826563
826674
826521
826332
826665
826263
826458
830889
826395
826632
879693
828150
827115
826710
826485
826938
826347
826851
826887
826872
826824
826323
826392
833094
827187
827220
826875
826698
826542
826407
826506
826782
826941
826278
826620
826338
826857
826746
826812
835233
827349
826860
826668
850860
858906
827136
826656
827076
826941
826953
879900
827109
826581
826977
826608
832131
878982
828105
826890
827352
826635
878793
827382
826653
827040
826731
827115
826200
826563
826263
832905
827013
939549
827580
826686
826563
826446
826692
826338
826785
826278
826554
826230
826470
826257
826827
834144
826782
826203
826443
921858
862350
826980
826608
827160
826572
826839
826395
826518
826389
826527
826308
832803
826665
826419
826407
826608
826068
826734
826179
826710
855453
854583
827496
826656
826812
826098
826569
834153
826773
827058
826611
826680
826395
826998
826737
827115
878784
826629
826809
880494
827241
826806
831912
851124
862788
827871
826842
826761
826476
826389
826695
826623
827049
826170
826572
826464
826452
826362
830904
826548
826602
826425
826575
826443
826998
826173
826569
826359
826743
826632
826386
826779
826488
826524
833109
827430
827187
826689
850509
856668
827613
826722
827361
826566
826503
826854
826386
826764
826932
826734
831663
826473
826512
826266
826485
826227
826977
826398
826551
826446
826431
826869
878463
826932
826635
826434
831132
826443
826860
826278
826557
826299
826338
826428
826761
826689
826869
826269
851031
856230
827397
827226
833580
826806
827028
826683
826962
827055
826623
826449
826413
826236
826398
826800
826911
826338
826629
826347
831618
826920
826443
826758
826632
826488
826311
826464
826317
826866
826269
826653
826281
826416
826575
827040
831597
826698
826968
827097
851955
856356
826833
826986
827004
826938
827061
827439
826275
826578
878031
833826
827259
826773
826635
827037
826347
826458
826464
827052
826548
826503
826287
826407
826380
826947
826839
831147
827337
826917
827043
826677
826467
826311
826548
826110
827049
826503
826590
826275
851124
855591
827013
831033
826989
826986
826458
826725
826587
826647
826638
826653
826497
826617
826416
826563
826332
826689
826839
832356
826782
826794
826734
826965
826152
826593
826458
827016
826872
826941
826506
826629
826290
826632
826380
831801
826995
878658
826893
827040
852402
854739
826842
826626
826824
826845
826899
826713
826419
826233
826740
831537
826389
826653
826296
826470
826377
826320
826314
826617
826230
826764
826722
826776
826275
826425
826506
833058
826887
826845
826950
826368
826905
826635
826953
826368
826626
826269
826527
826797
851721
855258
826911
831660
826890
826896
826878
827040
826725
826587
826407
826320
826257
826986
826446
826701
826299
826542
850236
828519
827253
826896
826566
878916
827379
826698
826848
826632
826704
827091
826824
826530
827016
826287
834357
826854
826647
826464
827244
826515
853272
854223
827157
826956
826935
826197
826449
826164
826737
826278
831804
826416
826404
826221
826770
826395
826494
826359
826314
826065
826368
826233
826518
826305
826944
826377
831051
826365
826542
826302
826653
826317
826461
826224
826617
826818
826584
826578
826548
826308
851820
855000
834435
826755
826860
826674
826821
826431
826704
853197
851967
826851
826557
826650
826170
826833
826620
826497
831462
850680
1015290
860157
856290
861837
1072698
857745
850992
850194
850047
952998
861789
942597
973065
881844
875334
874287
873777
874344
874140
874860
874329
873999
873933
873660
873888
873486
874254
893172
874755
874224
874572
874131
866637
826983
826857
826614
826413
826641
826794
826806
826407
826632
826491
833127
826932
826461
827250
826725
827280
826701
827199
826221
826587
852933
970416
828057
827388
826542
864534
856338
849759
850014
849465
849555
849318
849555
850971
851682
849684
849876
849333
859650
827073
827277
833721
826812
826692
826566
826884
826719
826653
826416
826485
826899
827379
826509
854631
857724
826968
826755
832734
827271
826893
826668
826968
826581
827250
850557
856545
827328
827220
826971
826449
826410
826878
826686
831177
827034
826812
826392
826785
826905
827472
826722
826506
826305
826650
826362
826869
878838
827166
826818
833403
827022
826656
827415
826305
826383
826404
826656
827046
826761
827568
826833
826353
826686
826671
852177
862950
827094
826932
827622
827223
826827
826491
826692
826425
826779
826572
826815
826794
826971
826428
831048
826410
826524
826563
826842
826755
827004
826368
826653
826911
826911
826692
826668
826434
826635
826443
833244
826974
827328
826701
826416
826476
826887
826713
826335
880308
827631
826866
827856
827310
827064
826800
831447
879906
827256
939843
828234
827148
827034
827289
826563
826971
826287
826461
826500
826524
826434
879732
836076
826872
826983
826587
826896
826758
826698
826539
826839
826407
826638
826620
826860
826515
826527
826347
887481
828081
826833
826920
826965
827043
826401
826611
826455
827100
855825
853542
827046
826968
827010
831012
826458
827181
826632
826857
826848
827322
826524
826626
826284
826650
826374
826629
826827
826575
826671
831165
826629
826806
826857
879144
827148
826701
826863
826464
879777
827952
827208
826530
826308
826758
826497
832890
826857
827487
826716
827058
826323
826677
826470
826710
826791
826536
826440
826965
826653
826764
826347
831549
826746
826848
826434
826629
826428
826893
826629
827073
826854
826665
826320
826590
826254
826809
826845
832455
879960
827682
826680
827133
826416
827094
826521
826614
826788
826665
826473
826542
826689
826695
826515
832977
826929
826905
826503
826869
826335
878964
826920
826647
826827
826335
826512
826449
826995
826356
826608
831408
826524
826764
827190
826584
826617
826461
826788
826602
880044
827217
826710
827070
826359
826914
831111
826806
826779
826485
826587
826215
826833
826491
826719
826842
826719
826506
826719
826803
827031
826764
833004
827184
827028
826746
827637
826920
826785
826401
826635
826227
827031
851754
983082
830874
827142
827820
900462
828597
880512
827703
827037
827181
826455
826956
826422
878226
827115
826842
826920
826995
827037
826788
891651
827430
826971
826998
826800
826374
826824
826530
826497
827316
826362
826869
827349
826761
826491
826650
834858
826716
826671
826854
826503
826677
826695
827241
827067
826638
880188
827085
826668
827376
826815
831030
826782
826530
826434
826701
827046
827007
826344
826866
826578
826764
826755
826434
826584
826773
826443
831315
826479
827238
826452
878892
827334
827169
827169
826497
826824
826452
826734
878187
827115
826890
827466
890940
827802
850524
885333
852609
827064
826722
826932
826419
826371
826617
826665
826398
827103
826512
826914
832377
826851
881118
827169
826686
827145
826386
826608
826788
826665
826740
826854
826380
826767
826482
827268
831363
826323
826668
826803
827148
826722
826863
826326
826836
826497
853518
854943
827373
826782
827502
826641
833571
826626
826647
826893
826875
826494
826815
826488
826980
826380
826581
826350
826521
827322
852222
858264
827271
827154
826425
826950
826995
826584
826380
826581
826227
827244
826434
827058
826443
826521
826368
830955
826698
826836
853332
853446
827091
827235
826530
826923
826725
826401
826854
826428
826695
826413
827040
832590
827304
827004
826356
827109
826506
826692
826362
826602
826497
826887
826926
826695
826479
859986
854805
831855
827016
826689
826569
827211
826788
826560
826296
827031
826923
827412
854409
852090
826875
826788
977313
927543
886005
886314
940707
994470
853413
849807
880410
876297
883452
883428
884673
940815
877206
911499
874866
874014
874170
873927
874329
873450
873549
873471
873495
873501
873591
873825
874053
852540
869976
852261
826902
827346
882435
828039
826641
827013
826584
826986
826419
826671
826446
826815
826671
826692
890763
827718
826947
826845
826734
826854
826602
826653
826350
826626
826542
826749
826476
826587
826524
826755
834537
827187
827484
826842
827628
1004961
829599
826722
864588
849576
849930
849636
850233
849393
850179
854412
849660
850971
849684
850176
849675
872430
827079
826866
826818
826761
827169
826317
826689
827019
827091
830919
827256
827349
827670
826245
826542
826578
827058
826545
826770
827028
827208
826566
826665
826431
826449
833166
827448
826578
827328
850992
856881
827925
826908
827061
827226
826752
826908
826689
826290
826602
826311
831399
826833
827001
826536
826785
826458
826767
826728
878946
827412
826725
827130
826941
826740
826980
826716
831573
826485
826656
826980
826578
826773
826593
826413
826659
883575
830361
826791
853767
853383
827211
826869
833373
826932
826971
826701
826974
826908
826731
826443
826554
826443
826611
826572
827088
826611
826710
830940
826884
827349
826764
826887
826710
827178
826428
827535
826509
826836
826320
826752
826608
826776
826491
831048
827394
827244
826899
827073
991701
828126
827031
826911
826830
826458
878988
826986
827142
826911
826746
836496
827136
826974
826710
826881
827040
827580
826356
826839
827085
826722
826437
827070
826446
826968
826404
831747
827178
826995
826776
826701
826641
826983
826803
827355
826743
826629
826770
854727
908715
827589
826887
832404
827100
826782
827910
826746
826755
826575
826821
826422
827274
826209
826716
826404
826755
826782
832728
827169
826485
826419
826704
826638
826764
827136
826812
826434
826635
826953
826740
826791
878751
827088
831378
827313
827001
826803
826431
826719
879657
827205
826845
826845
827187
827115
826758
826989
826557
827493
831081
826755
826413
826611
826908
826347
826947
826167
826698
826371
826557
826200
827073
826557
826602
826689
832992
828123
827418
826770
826926
826872
826857
826509
827037
826476
826704
826647
826911
826920
880434
827241
831528
827463
827142
826995
826983
826587
826434
826542
826668
826824
826683
826953
826407
826593
826419
826710
858282
851598
826881
826989
827316
827076
826797
826590
826575
826443
826428
826386
827424
826455
827091
826578
834243
826683
827031
826731
826407
826296
879936
827130
827187
827166
826467
826776
826374
826635
826794
826797
831621
826803
826746
826902
827097
827028
826920
826923
826356
826647
827226
826767
826632
826608
826302
830886
826713
826572
827037
826407
826647
826431
826689
826518
826662
826608
826836
826470
826620
826503
879687
833340
827343
827337
826647
879255
827214
826719
827226
826905
827235
826620
826428
826299
826548
826377
826938
831102
826866
826485
826638
826608
826869
826479
826980
826500
826623
826320
826773
826734
826806
826944
826524
831078
826956
826854
826755
827139
826722
826692
879540
827616
827229
827016
826869
826548
826341
826746
826287
832803
827061
826965
826809
827010
826587
826647
826386
826617
826119
826518
826587
826962
826878
827184
826431
831957
826851
827625
826950
826770
826629
878655
826893
826707
827460
826428
826566
826425
827028
826428
880488
831789
827211
827214
827115
827385
827265
826485
826740
826398
826752
826452
826725
826572
826479
826398
832593
827820
827232
827040
826710
827472
826560
826635
826869
826623
826539
826701
826431
827313
826746
826656
831468
826908
826491
827172
826569
826887
826350
826590
880197
827067
827355
827202
826725
826707
826392
826608
831444
826842
826761
826590
826641
826635
826461
826833
826755
850467
854652
827355
826800
827055
826743
826590
878919
1022703
864609
828870
826875
827190
973167
860265
1012113
961149
878916
874614
874338
873585
874149
902874
875118
874167
873768
873696
873594
873837
873360
873696
873456
873516
873234
874125
873294
879576
833451
826938
826602
827031
826779
826833
827061
826620
826443
826836
826425
826731
826686
826539
826473
826368
835131
826746
826797
827226
826380
1037673
862521
858594
919728
1075665
856446
906426
903120
850107
849666
881835
890040
874263
874011
873861
878049
886152
886380
943044
879777
874626
873576
873915
874326
897285
874749
874299
874413
874371
873612
873861
896337
827205
827451
827295
826755
827112
826479
826902
826566
837114
882663
827808
826986
826965
827214
827055
826731
826806
826578
826875
826539
826776
827010
826758
826455
833280
826767
827022
827550
827550
826314
826689
826677
827019
826662
857418
853830
828240
826851
827157
1001202
828846
865218
850509
849945
849654
849513
849798
849687
849687
850182
849714
849885
849573
849837
849768
857985
827211
827244
827631
827313
827043
826584
826782
826455
826713
826497
826770
826380
826716
826467
826761
831936
826725
826440
826815
826893
827091
827544
826812
826308
826608
826956
827103
827319
826881
826818
826746
887421
881139
827562
826977
827169
826872
826926
826464
827166
826497
826743
826455
826968
826728
826689
833286
827160
850365
855258
826848
827082
826848
826584
826818
827658
827361
826767
826503
826848
826995
826569
830823
827154
826218
826512
826551
826863
827274
826764
826827
826788
879588
827565
826872
827517
826641
826656
830874
827148
826605
827589
826722
827028
826713
827133
826641
827514
826443
826557
826341
826749
826572
826842
832914
827157
827175
826968
826689
826707
826926
939177
827223
827001
826881
826671
826869
826680
826536
826668
834702
827115
880716
827493
826746
879312
826986
826974
826911
826839
827388
826368
827376
826611
826977
826359
831558
827319
827025
826599
826758
826626
826785
827151
826638
826950
827154
826869
826527
826674
854463
861786
827388
827307
826824
827256
826680
826908
826449
826725
826479
827142
880497
827205
827274
826740
826512
831243
826839
826230
826788
826311
826497
826353
826662
826605
826620
826392
826554
826509
826644
826761
826836
830709
826629
826290
826767
826461
826947
826473
826518
878139
826818
826728
826932
826458
826731
826230
826602
833613
826632
826440
879924
827142
827052
827019
826314
826536
826086
826476
826482
826494
826302
826713
826671
831174
826863
826773
827187
826194
826551
826206
826653
826641
827103
826773
826815
826383
826467
826176
826644
830955
826434
826284
826692
826326
826704
827226
826872
826278
826323
826065
879696
827640
827121
826773
826527
833241
826857
826383
827007
826707
826680
826476
826803
826317
826785
853854
851790
826893
827214
826908
832533
827193
827040
826830
827178
827070
827241
826590
826884
826461
827001
826491
826725
826857
827286
826437
831624
827745
827337
827268
879984
827268
827298
827277
826320
826611
826122
826578
826749
826632
826491
827004
832908
827532
826863
827256
826449
826410
826122
827034
826179
826833
826497
827184
826590
826650
826539
826458
831090
826737
827202
852948
852639
827088
826728
827418
826926
826845
826347
826578
880665
827997
878754
827154
831912
826971
827250
827382
826530
826302
826050
882744
828885
826782
827106
826347
826737
826413
827064
826161
837372
826641
827301
827208
827004
826896
826422
826587
826632
826383
826686
826035
826494
826344
826560
826722
832224
826557
826143
851754
854652
827778
826911
826446
826452
826644
826458
826593
826911
827022
826383
831786
827073
826563
826641
826644
826326
826539
826539
826809
826245
826998
826398
826497
826410
826578
826662
832398
878919
826818
826575
826767
826656
826782
826881
826662
826590
826614
826503
852780
853896
826893
826488
831036
827490
826506
826905
826482
826407
826431
826683
826413
827112
826893
826683
826077
826362
826320
826395
831513
826665
826542
826875
826776
826896
826137
826743
825861
827001
826410
827037
826872
826716
826734
826683
832335
826743
827496
826308
851910
854691
827145
827136
827340
826446
826689
826413
826647
826728
826488
826917
831594
826818
826602
854214
851148
827256
826530
826722
826368
826665
827031
826848
826308
826506
826236
826359
831219
826770
826209
826764
826308
826704
826593
827217
827001
826518
826191
826413
852153
854547
827157
832512
827307
827085
826728
826965
826779
827031
826404
826899
826401
826932
826458
827478
826566
826680
826416
831750
827373
826662
826797
826407
826743
826449
827127
1033776
859278
856434
860067
1076433
857544
851067
880875
851730
953766
899973
883569
940626
880443
874443
873867
874065
874302
873690
873393
873552
873297
901878
874515
874410
873693
873783
873876
873570
873087
873621
858564
826872
826788
826869
826347
826767
826269
833421
826860
826674
826671
826086
826557
826536
826560
827382
826713
826851
826158
826395
879966
827373
827388
831069
826818
826605
826833
826539
826830
826791
826446
826278
826575
826332
826980
853653
856674
826668
834174
827031
826842
826968
826860
826605
827049
826608
826842
826179
971214
851808
826884
826533
826302
826200
831462
826719
826161
826551
826110
826545
880125
827349
826575
826479
826554
826719
826212
826788
826416
826656
831207
827103
827121
826584
826422
826407
826467
826503
826857
826770
826962
827055
826500
826407
826233
826659
834243
826890
826497
826941
826239
826929
826611
826887
826269
826518
826263
826461
826203
826671
880095
827139
832173
827424
826569
827421
826608
826662
826776
826881
826404
826707
826488
826299
878349
826944
826608
826602
831036
826086
826509
826611
827112
826596
826434
826011
826302
826038
826524
826053
826533
826248
826383
832143
826734
826524
826278
826761
826803
826497
879792
826920
826485
826827
826536
826689
826107
826584
826581
832086
826920
826200
826362
826542
826827
826125
826728
939330
828735
827043
826596
826806
826719
826833
826263
834684
827328
826824
826794
826557
826689
826383
826479
826620
827268
826284
826713
826104
826248
826383
932247
835692
826920
826974
826623
827427
826425
826611
826161
826497
826305
826389
826596
826725
826698
827112
854397
860283
827259
826800
826752
826545
826746
826257
826647
826362
826527
826170
826290
826245
826740
826155
826281
831345
827112
826620
827163
826833
827043
826014
879795
827085
826596
827055
826647
826641
826833
826629
832539
826674
826683
826197
826608
826281
826701
826734
826656
826563
826890
826326
826638
826185
826311
826221
831405
827379
826437
878742
827178
826929
827301
826389
826680
826263
826302
826500
826716
826296
827076
826308
885096
827967
826716
826989
826329
826455
826281
826422
826437
826404
826698
826911
826527
826536
850146
859992
833922
827142
827100
826569
827451
826341
826662
826302
826560
826596
827010
826941
826680
826170
826329
826512
831582
827205
826449
826491
826320
826593
826755
826671
879903
827763
826497
826917
826845
827532
827025
826383
831534
826647
826443
826590
826557
878517
826854
826725
826827
826194
826434
826200
826602
826260
826953
826245
832956
826326
827097
826464
826503
826194
826299
826308
826779
826521
826476
826446
826449
826554
827079
830805
880653
827361
826806
827328
826776
826575
826284
826521
826173
826890
826245
826530
826272
826938
826323
831147
826998
826296
826695
826680
826542
826236
826458
826437
827268
826728
826935
826668
826599
826326
826566
832653
827253
826797
826998
827013
826569
826890
826398
855567
859227
827412
826686
826605
826296
826464
826455
831711
826788
826425
826629
826662
826998
826413
827031
882102
828720
827016
827316
826521
826443
867714
969306
832431
826926
827103
826926
826683
826980
826302
826536
826170
826854
826362
826542
826209
827166
826950
826890
861744
853872
826983
826608
827019
826233
826404
826326
826647
826299
826638
826380
826596
826275
826527
830943
827478
826560
826368
826323
826530
826722
827037
826656
826770
826299
852444
852600
827310
826620
827412
830958
827070
826638
826902
826713
826515
826809
826449
826320
854571
852147
826845
826860
826731
826560
826635
833169
827163
826821
826800
826110
826281
826236
826611
826587
826683
826293
826782
826722
826896
826059
826788
831117
826617
826770
826557
826215
826089
826437
826176
826422
826011
826449
826389
826272
826299
826620
826101
831645
854382
852600
827022
826584
826890
826575
826965
826821
826719
826290
826308
826353
826269
878277
826533
833208
826698
826791
826881
826899
826893
826803
826347
826293
826221
826737
826524
826386
826533
826566
826353
831501
827022
826440
826494
826359
826515
826086
826374
826182
854406
852345
826587
826791
826269
826365
826689
831837
826113
826482
826146
826431
826266
826434
826284
1037256
860046
858297
862230
1075758
858642
851361
883980
874821
982446
863805
947802
936213
879306
874491
874065
873582
873933
873825
873666
873966
898653
874482
929583
876405
874149
874722
874287
874575
874539
874215
883776
849786
850455
849918
849747
849354
856506
849471
850233
827100
826950
827205
826473
826617
826578
826944
826611
826701
827070
826743
826602
835557
827100
827127
826953
827091
826404
826797
826503
826728
826629
826650
880041
827835
827229
882108
829254
831846
826596
827367
826839
826998
826575
827457
826248
826932
826143
826530
826299
826419
826323
826533
826683
831177
826578
826497
826314
878271
826788
827517
826746
826692
827211
827031
826680
827280
826482
826200
826317
832677
826710
826239
880182
827271
827019
827028
826722
826974
826596
826566
826806
826416
826758
826953
826356
831621
826407
826488
826530
826935
826452
826959
826257
826728
826356
826431
826182
827622
826251
826500
826356
831810
826896
826968
826449
826317
826356
826680
826485
826491
826236
826683
879984
827013
826821
826794
832434
826695
827376
826695
826839
826980
826656
878397
826434
826665
826791
826674
826905
826677
826839
826917
831294
827091
826806
826206
826422
826509
826596
826287
826656
826524
826533
826332
826287
826185
826665
826461
831288
827223
826596
826395
880182
827376
827580
827295
826821
939732
829050
826860
826971
826779
826368
826788
836025
826794
826533
826698
826404
826611
826257
826602
826314
826833
826782
826638
826647
826518
826470
826560
831654
826293
826113
826515
826251
826785
826863
826800
826278
853185
851889
853629
852549
826923
826473
826296
860139
854595
826962
826662
826680
826710
826680
826524
826239
826773
826536
826272
826569
826368
826266
832467
826854
826866
826701
826845
826491
826446
826203
826431
826236
826380
826323
826782
826530
826788
826158
834990
826800
827481
826260
855081
851664
826710
826647
826863
826935
826917
826593
826692
826509
826707
826398
832206
826359
826776
826512
826842
826188
826302
826341
826602
826506
826683
826425
826503
878043
826584
826617
832908
827316
827112
826860
827061
827124
827340
826671
826509
826197
826413
826128
855819
851028
827319
827154
831537
827100
826824
826755
826932
826476
826500
826395
826899
826041
826779
826074
826344
826167
826614
826182
831588
826935
826797
826524
826611
826836
826947
826620
826410
826230
826686
826290
826827
826248
826515
826506
833610
826629
826860
826584
855396
851496
827109
826659
826977
826497
826998
826395
826704
826521
826518
882615
826797
826977
826545
826734
826659
826761
826329
826725
826344
826614
826233
826335
826206
826455
826335
830916
827043
826881
826593
826251
826791
826353
826224
826842
826665
826869
826452
827175
855504
851445
826869
832872
827661
826788
826317
826494
826314
826971
826629
826590
826203
826449
826392
826416
826380
826743
826410
831267
826626
826827
827100
827004
826242
826482
826284
826548
826158
826467
826323
826323
826695
826359
826590
830718
826848
850434
854913
826971
879528
827772
826962
826548
881781
829110
826800
826881
826815
827274
826368
833556
827205
826425
826953
826320
826266
826260
826455
826308
826926
826134
826644
826458
826542
826992
826605
832152
826083
826302
826452
826584
826464
827433
827196
826659
826533
826362
826128
826719
879624
827268
826479
831429
826752
826911
826878
826527
826620
826251
827163
826203
826845
826335
826527
826263
826641
826572
832251
826617
826611
826374
826881
826401
878754
827430
826623
827025
826248
826512
826191
826497
826416
826512
831156
827205
826737
826959
826077
826419
879321
827142
826650
827211
826221
826413
826185
826800
826800
826860
831054
827274
826560
826713
826863
826461
826308
826725
826413
826671
826287
826677
826392
826266
826728
826485
832185
827391
826743
827250
826614
826473
826548
826824
826608
826269
826311
825957
826431
826488
879951
827022
831402
826665
826818
826626
826998
826269
827013
826797
878469
826764
826368
826656
826686
826734
826338
826458
832053
826638
827424
826716
827001
826233
826647
826161
826560
826326
826995
826599
826602
826773
826584
826182
832887
826593
826734
826746
827025
826425
880470
826872
826731
1006497
885339
857439
859605
1025877
910959
881571
850701
849786
951945
887712
926865
911235
910848
874515
874554
873873
874365
874374
874122
873675
899436
874185
874194
874320
874197
874389
874455
874095
874437
874407
925434
939996
857604
850305
849978
869589
850218
850071
849816
850020
849792
849915
849156
849849
849522
849630
856758
827655
826914
827280
832575
826764
826773
827223
827226
826605
826848
826830
827046
826542
827448
826473
826896
826404
826671
883233
833598
826926
826980
826947
827049
826941
826641
879984
827193
827562
826782
827571
827085
827136
826470
827232
834258
826857
827112
826821
827199
826530
827094
826845
826644
826359
826581
826581
826986
826410
878685
827019
832044
827064
827205
827139
826677
826539
826557
826866
826287
826851
826869
827169
826467
826998
827220
880467
833784
827466
827553
827907
827370
826593
826599
826710
826521
826644
826395
826998
826779
826953
826443
832611
827619
826977
826464
826620
826800
826725
827307
826683
826587
826755
826482
827271
826758
826527
826797
831105
827259
826872
826872
826776
826893
826392
827265
880605
827043
826980
827091
826404
826938
827121
826941
831003
878730
827133
826803
826986
827169
827094
826503
826653
826458
827280
826875
826842
826461
826815
826560
832827
827313
826491
826542
826692
826722
827226
827043
826728
826509
939462
828027
827646
826740
827103
826968
888885
828426
827592
827199
826815
826629
826704
826302
827109
826260
826866
826656
826644
826395
826593
826755
831135
826407
826638
827034
827196
826773
826638
826488
826842
826530
827160
826392
827418
826473
826935
833370
827367
853803
855399
853812
851844
827712
827163
826761
880323
827388
826845
827316
826851
827040
826617
831444
827112
827031
826509
826722
826479
826683
826788
826752
827256
826854
826467
827076
826551
826824
826941
831045
826962
826992
827427
827088
827187
826932
826407
826644
826491
826800
827022
826806
826632
826614
826218
833094
880095
827241
826884
826776
827031
826665
827637
827304
826827
826626
826815
826494
826785
826374
826671
831447
826944
826599
827646
826716
826554
826761
878667
827214
826662
827556
826857
827151
827133
827166
826656
831699
826476
827133
827112
826827
827178
826806
826323
826980
880398
827922
827391
827100
826566
826770
826650
833568
826965
826485
826803
826509
826476
826698
826644
826908
826758
826458
826698
826539
826677
826479
884523
853440
827019
826812
827604
827109
827118
826719
827391
826476
827031
826869
826479
826470
826590
826665
831120
826722
880479
827193
826662
826863
826695
827172
826137
826455
879189
827490
827781
827562
826440
826752
832716
827124
826983
826104
826737
826488
826791
827178
826611
826953
826635
826596
826479
826287
826953
826419
831576
826884
827220
827166
827490
827100
826302
826797
826449
826830
881361
827634
826770
827064
826869
827142
831981
826620
826419
826719
826311
826962
826854
827022
826368
826593
826512
826605
826905
826398
826863
826650
833532
827130
827088
826830
826578
826248
826506
826407
826632
826455
827145
826482
853221
852729
827382
827631
831564
826953
917124
828297
880827
827379
826632
826935
826704
826434
826623
826578
827310
826626
826680
831033
826848
826740
826380
826623
826344
826554
826290
826602
826962
826746
826953
826758
826758
826368
826575
833229
827052
826851
826887
826935
826821
826629
827142
827016
826281
850137
857049
827259
827088
827370
826521
831204
827271
828027
827034
827052
826353
826518
826644
826644
826515
826863
826638
826260
826449
826455
827271
883473
826842
826848
827046
826614
826905
826482
826221
826800
826590
826986
826278
827133
826365
826551
826197
833385
827148
851169
856242
827241
827172
827010
827394
827373
826563
826668
826314
826593
826269
826992
826281
831618
826893
827469
827610
826704
826416
826530
826668
827145
826449
826824
826584
826404
826983
826521
826695
831291
826677
827142
826857
827304
826494
826908
826425
826593
826386
850281
856215
827409
826749
826986
832734
827292
826992
906147
906360
990630
831315
872739
849906
875493
934017
912912
1114110
887973
892668
902754
874683
874620
874269
874107
873204
873564
873432
873654
873672
936078
883110
891690
860766
945072
972318
852381
849867
906543
850464
849600
849522
849189
849210
848913
849318
849159
849834
849270
849393
918066
851010
849801
907326
852216
902205
850062
849936
849570
849468
849192
849417
849201
849972
848880
865440
850428
849651
849546
849537
857361
999732
828795
826881
826788
851700
941235
894141
1011558
1057251
889473
874635
874050
874290
874515
873954
873378
873711
873663
873849
873765
874044
885906
827727
826773
836406
827358
827235
826887
826989
826872
826773
827181
826704
826587
826773
826539
827253
826698
827280
826887
831432
826896
827070
826563
856233
852468
827091
827007
826902
826920
826998
826500
826992
826446
826758
826773
835236
826965
827490
826971
827433
826569
826584
826743
851868
973005
828711
827109
826788
826812
826644
826440
834153
826665
826392
827244
826614
826734
826542
826614
826269
827061
826326
826503
880155
827511
826860
827289
831315
826671
826371
826893
827085
826707
826524
826482
826470
826551
826356
826566
826464
826629
826365
830922
827640
827256
826974
826896
826872
826101
826434
826344
826461
826986
826341
826341
826782
826701
826830
832428
826908
826875
826560
826746
880602
826923
826857
826833
826833
827196
826368
878652
827106
826695
826722
831168
826713
827292
826920
826470
826500
826635
826530
826656
826938
826701
826188
826641
826431
938940
827871
834252
827100
827004
826644
826908
826662
826680
826488
826638
826356
826581
826254
826779
880947
827880
826665
834765
826563
826527
826221
826524
826377
826743
826443
827049
826395
826461
826215
826581
826734
826854
826485
831432
826305
826578
826422
826626
853341
856695
827139
826416
827445
826119
826734
826455
826728
879090
831594
826791
826851
825981
827001
826269
880695
827400
826581
826950
826131
826632
826890
826587
826509
826770
832458
826551
827214
826524
826437
826368
827298
826503
826623
827064
826923
826338
826560
826347
826770
826818
831558
827127
826653
827040
827100
827130
826329
826578
826578
826554
826602
826644
826803
826596
879807
827382
831276
827754
827484
826881
827061
827211
827277
826710
826746
826455
826674
826344
827280
826281
827718
826413
833034
878967
827109
827073
827118
826251
826683
826665
826641
826662
826815
826452
826839
826386
826707
826419
832527
826458
826446
826446
826992
826845
880527
827325
826869
827046
826830
826812
826818
826653
826515
826692
831114
827031
826710
826740
827244
826434
827274
827334
827331
826443
826746
826356
826863
826614
826704
826785
849933
827214
827049
826752
827241
826392
827079
826359
826755
826326
826716
826665
826842
827052
880155
833952
827670
827388
827403
850806
854859
827181
827217
827514
826308
826617
826602
827055
826989
827364
826572
831435
826539
826809
826308
826443
827298
826632
826809
826638
827289
826545
827769
826371
826827
826599
826752
833166
827505
827262
827052
827004
827106
826998
880407
827412
826638
827454
826305
827187
826659
826626
826524
831696
827142
826680
826707
827001
826647
826866
827109
826851
826698
826419
826641
826605
826974
826569
827931
831759
826824
827367
826794
827244
826497
882396
880140
827373
827382
827418
826326
826716
826323
826602
881010
834759
826944
827193
826791
827253
826212
826458
826248
826491
826311
826635
826410
827118
826590
826656
857721
853536
826827
826449
826986
826782
827034
826632
826500
826635
826656
826242
826626
826278
827199
826440
883683
828966
826899
826722
827568
826656
826575
826257
880077
827367
826557
826977
826293
826533
826275
826641
832722
826776
826551
826341
827100
826443
827130
826305
826704
826233
878298
826908
826680
827223
826320
826839
831042
826713
826458
826851
826299
826527
826722
826578
826635
827391
826539
826983
826410
826491
826176
850185
886806
860679
827196
826737
826863
826626
826776
826698
826941
826419
826713
826842
826464
826272
826413
826251
833781
826863
826566
826269
826434
826437
826662
826662
826581
826140
826011
826587
826629
826827
826710
826341
831351
827196
826716
827025
826488
826839
826338
850740
855573
827259
827508
827409
853683
851313
826902
831006
827130
826845
826707
826407
827043
826038
827061
826281
826566
826419
826626
826605
827256
826827
1039875
879675
859407
862209
1072110
856758
851652
850257
850164
954651
860604
1011318
1028442
855171
849534
850053
928467
875016
874026
873999
873393
873576
873291
873888
873552
873267
873606
873327
873168
862611
827091
892641
826872
826845
826620
826689
826119
826284
826440
826659
826590
826509
826212
826653
826209
826386
862875
971634
828156
827286
826419
826842
826515
827226
826713
880590
827280
826404
826770
826428
827607
826533
887127
829365
826470
827085
826461
826683
826623
826674
826611
826500
826326
826347
825897
826227
826002
826407
831789
826656
826941
826650
826695
826503
826509
826284
826590
826128
826437
826356
826308
826311
826824
826578
832812
880353
827301
826707
826986
826257
826737
826263
826545
827088
826914
826239
826827
826290
826458
826407
832488
826458
850476
854664
826818
826647
826839
826545
826902
826212
826749
826293
826683
826677
826893
826581
831099
826200
827103
826416
826692
826902
826419
826299
826512
879693
827868
827247
826674
826911
826701
832461
826848
827040
827178
826899
826812
826785
826818
826941
826155
826503
826599
826701
826500
826596
826167
831414
827292
826503
827058
826560
827121
826281
826638
826320
826743
826845
826887
826581
826479
826398
826905
830871
826902
879930
827349
827406
826716
879273
827250
826467
826614
826302
826467
826302
826821
938532
827868
836184
827424
827367
826341
826824
826392
826626
826362
826446
826443
826926
826554
826503
826461
826941
826278
832458
826269
826566
826251
826539
826338
826410
826842
827049
826470
880632
827283
826818
826635
826860
826236
831219
826407
826467
826443
827169
853158
856938
827793
826713
827028
826239
826326
826179
826689
826179
833280
826845
826617
826764
826500
826899
826593
826380
826425
878874
827379
827181
826923
826506
826629
826203
831210
826518
850722
856257
827085
826536
826866
826884
826881
826968
826491
826494
826650
826500
826674
826599
831300
826389
826719
826458
826500
826425
826638
826338
826416
826350
826536
826326
826683
826212
826521
826398
832782
827031
827013
826215
826518
826230
826887
826302
826518
826398
826662
1056996
830520
826788
826593
826638
922923
850044
849771
849477
850137
849456
849336
849261
849501
849123
849354
848988
849375
849051
855906
832350
826773
826608
826470
827109
826752
826887
826647
826407
826290
826605
826707
826845
826038
826911
826182
833526
826932
826665
879831
827541
826770
826542
826605
826623
826290
826677
826947
826452
826143
826128
826152
831660
826725
826512
826260
826620
826218
826962
826449
826800
826053
826293
826605
827034
826344
827025
826677
831708
826323
826377
826095
826764
826638
826443
826314
826572
826635
826650
879705
827334
826515
878340
833208
827268
826737
826143
826452
826161
826530
826317
826650
826419
826512
826218
826752
826548
826818
825957
830877
827124
826473
826623
826857
826857
826494
826590
826311
826479
826395
826383
826494
826317
826071
826455
830700
827061
826788
826539
879558
827238
826611
826512
826644
826608
826881
826113
826464
826242
826272
826200
833046
826746
826485
826260
826467
826098
881991
829737
826641
826788
826269
826620
826782
826416
826302
826290
831402
851742
853479
826779
826557
826839
826410
826557
826269
826593
826170
826425
879990
827556
827166
826488
831162
826596
826470
827190
826530
827121
826143
826545
826530
826746
826215
826866
826560
826464
826149
826890
833499
826803
826548
827019
826884
826350
826188
826908
826254
826389
826158
826500
826107
826494
826467
826350
831633
826488
826968
826929
880050
826896
826299
826326
826173
826410
826110
826650
826320
826689
826263
830841
826320
826908
826107
826581
878316
826776
827064
827052
826374
826386
826296
826182
826098
826047
826266
836604
827355
826839
826584
827445
826581
827121
826005
826887
825924
826365
826758
827028
880131
827133
827019
832119
826647
826377
826218
826638
826215
826719
826332
826965
826152
826386
826461
826869
826710
826638
826350
830814
827001
826890
826557
826761
826455
826962
826170
826449
826308
826779
826347
826917
826176
826596
826113
832653
826632
827211
826557
826986
880029
827178
878604
827169
826488
882138
991677
859023
859377
916665
1065723
860121
874119
874161
874470
882840
885129
885009
944760
879723
874572
874062
874209
874368
874407
898170
875466
874335
874128
874101
874284
874719
879228
828084
827328
826920
826611
826587
882456
827619
872580
851985
827034
826692
826674
827349
826848
826836
826749
826248
826467
826428
827028
826623
826476
826260
832440
826809
826572
826626
826479
826524
826311
826407
826374
827019
853149
969531
882207
829239
827139
826800
832647
854439
850185
850320
850200
849303
849924
849357
849552
849477
849687
849648
849834
849678
902784
871419
827688
827118
826905
827055
826878
826980
827013
827553
826674
826713
826374
827007
826911
827412
826491
831276
826995
826551
827187
826785
826677
826704
826812
826881
827268
826647
826995
827052
826779
880200
827778
831480
827202
826800
826794
826827
826707
827526
827517
826359
826851
826692
826770
826581
878550
827043
826869
833121
826845
827367
826614
826728
826506
827352
826641
827508
826548
826650
826701
827070
826566
827247
826464
831912
826839
826881
826806
827223
826737
879513
827445
827064
827343
827349
827265
826752
827025
826650
826836
831558
826797
826476
826710
826797
826659
827031
826860
826452
826761
827052
827001
826407
826983
826695
832779
827346
827409
826821
827421
826449
826731
826935
827391
826710
826656
826383
826695
826563
827244
880056
998406
828363
826812
827250
826860
827622
826680
826539
826899
826440
826590
826515
826290
826638
826485
826611
831402
827379
826482
826518
826179
826425
826383
826629
826560
826737
826311
826590
826446
826362
826314
826383
832896
826512
826407
826788
827181
826803
827133
909558
855465
827274
827343
826845
826620
826824
826800
826551
831999
826713
826182
826551
826449
826566
826596
827037
826398
826359
826167
826308
826368
826965
826713
826821
830796
826809
826746
878199
827304
826581
826506
879663
827304
827289
826731
826254
826569
826272
826458
886212
827367
826680
826695
826704
826998
826536
826668
826329
826290
826599
826473
826485
826302
826692
826386
831354
826797
826818
826428
826116
826410
826695
826719
826374
826512
826503
826794
826107
826344
826170
826467
830691
827466
827211
827301
826794
826518
826287
826488
879774
827616
826593
826899
826500
827055
826611
826437
911886
828138
826674
826989
826686
826680
878322
826623
826638
826734
826443
826617
826704
826593
826494
826536
831141
826371
826068
826476
826173
827067
826848
827019
826878
826722
826299
826371
826569
826626
826212
851514
862185
826971
826839
826737
826713
826698
826896
826524
826548
826212
826863
826836
827100
826137
826746
870843
853872
826986
826986
827202
827025
826701
827019
826191
826683
826203
826530
826179
826605
826341
826572
862923
856443
826836
827196
826650
826866
826077
826314
908931
905289
827001
826770
827244
826173
826479
826320
831369
826689
826368
825963
826089
826458
826539
825990
826845
826290
826383
826311
826365
825993
826362
825972
832905
826983
826524
826899
826953
827502
826077
826296
826134
826293
826044
826350
826839
826797
826473
826380
936042
827157
826476
826581
826539
826599
826452
855072
855522
827331
826425
826275
826002
826209
826110
826401
830967
826479
826461
826650
826086
826674
826236
826161
826182
826209
826119
878664
827205
826536
826833
833007
826563
826980
826581
826986
826674
826620
826212
826425
880221
827355
826563
826584
826260
826848
826416
831054
826785
826494
827301
826398
827271
826677
826761
826236
826575
826347
826461
825945
827070
826092
826287
830634
827097
826725
826608
826572
825939
826335
825981
826236
825969
826944
826479
826551
826173
826314
826227
833043
880869
827091
826503
826719
826470
826593
826329
826749
826020
826329
826548
826923
826278
826458
878145
831561
826788
826485
826716
826371
827082
826431
826224
826164
826875
826185
826308
826113
826158
825927
826311
831273
826629
826920
826830
826182
826128
826209
826209
826143
879567
826761
826362
826578
826311
826659
850260
911568
826881
826929
827163
827154
826521
826902
826116
826311
826440
826515
826242
826602
826095
826494
830757
826800
826134
826926
825855
826347
826107
826227
826188
826485
826197
826308
826035
826362
826185
826251
857214
1016142
920052
858657
890076
1045077
855453
850869
850068
850722
992979
885795
884265
943473
877920
914265
874539
873951
874908
873438
873759
873819
873513
873621
873921
873750
873588
873549
873747
873825
912642
826767
826788
826866
826686
827127
826632
826641
826632
826620
882291
827079
826974
826167
826719
826686
832512
826518
826197
826491
826365
826881
826533
826653
826068
826413
826710
826911
826437
826632
826296
832443
826350
826284
826428
826257
920877
925566
829335
826467
826728
826254
826494
826062
826713
826488
826860
831189
826575
826335
881100
827295
826632
826362
826296
826536
826764
826872
826680
826971
826491
826329
826089
832041
826707
826863
826833
827448
826350
826743
826383
826311
826266
826320
826041
826539
826266
826698
826716
833190
826899
827142
826488
826878
826320
884016
829212
826992
826860
826668
880014
827268
826692
827538
826659
832539
826878
826731
827352
826692
826395
826380
878463
827214
826728
826953
826203
826617
826242
826656
826365
830769
826296
826167
826386
826326
826644
826284
826806
826968
826653
826278
826518
826125
826422
826416
832236
826980
827034
827169
880227
827040
826728
826500
826455
826782
826449
826464
826371
826344
826182
826317
831081
826770
826608
826356
826401
826617
826329
826524
826443
826443
826044
826488
826242
826473
826359
826554
830682
938532
828480
826890
827004
826461
826584
826596
826029
826524
854247
850770
854118
827436
827028
826809
836565
827136
827121
826521
826995
826599
827130
826671
826371
826446
826461
826245
826656
826269
826629
826662
831768
826674
826251
826380
826401
826530
826233
826449
853296
854781
827463
827178
826638
826128
826449
826221
830958
826854
826317
854721
852069
826959
826776
879099
827853
826527
826785
826452
826602
826452
826650
832932
826569
826500
826266
826698
826725
826902
826149
826305
826587
826860
826500
826764
826284
878640
826776
832188
826953
826920
826749
826449
826443
826251
826671
826326
826572
826773
826422
879810
827481
826899
826920
831468
827058
826767
826461
826296
826740
826827
826593
826275
826635
826545
826449
826455
826686
826224
826497
833442
826905
827202
826308
826503
826227
826401
826026
826905
826821
826854
826479
826662
826254
826638
826392
831696
826758
826455
826752
856125
852006
827289
826518
826779
826641
826743
826737
826563
827016
826578
826302
883626
826989
826728
826797
826557
827004
826695
826746
826584
826569
826149
826458
826278
826077
826458
826746
832689
826194
826500
826428
827271
826155
826803
826032
826413
826338
826641
826161
879810
827535
826710
834705
827703
826599
826584
826686
826251
826839
826272
826509
826377
826491
826446
826452
826575
826674
826323
831648
826686
826221
826317
826503
826578
826266
826479
826611
826584
826227
826401
826869
826590
826425
826440
832542
827082
827289
853923
852012
880239
827868
827115
826500
826605
826383
826278
826422
826095
826914
826131
830832
826557
826284
826473
826263
826695
826710
826782
826395
826395
826548
826551
826824
826218
826605
826725
831885
826920
826248
826599
826572
826593
826317
826689
826392
826923
826260
826581
826443
936222
830898
827376
833703
827151
826857
827409
826725
827025
826359
826449
826101
827232
827055
826818
826689
826428
826464
826722
831147
826545
826671
826635
827001
826191
878997
826956
826917
826812
826749
826857
826884
826833
826503
830949
826734
