214
386
381
402
399
413
387
380
376
409
387
376
338
363
377
368
359
348
358
378
343
329
342
344
366
344
360
337
325
355
346
320
343
383
303
351
328
329
327
310
328
321
307
325
320
304
319
305
316
327
283
312
302
303
285
313
318
317
270
312
302
277
303
310
266
296
284
283
294
279
268
250
279
309
273
235
272
249
263
239
243
264
243
274
267
254
247
241
253
261
233
243
231
211
245
243
222
261
247
222
205
235
226
219
244
243
218
218
201
250
224
243
237
222
189
234
210
198
204
204
214
192
167
216
182
202
184
207
159
200
186
216
169
175
157
190
167
202
175
183
173
173
139
173
162
173
150
136
160
155
171
149
165
166
176
142
150
151
161
153
143
140
154
142
148
126
133
137
131
137
141
128
123
130
124
117
129
143
125
108
126
110
106
116
119
109
102
106
112
99
103
100
102
86
89
84
76
83
76
89
85
96
94
67
94
78
66
65
86
71
60
52
70
71
53
63
61
61
49
45
50
52
45
46
56
43
47
37
38
41
47
39
31
30
28
22
36
18
28
29
34
15
22
22
11
20
14
13
14
7
5
5
7
4
3
2
