51711003
49992612
48452370
48204936
48204750
48257802
48188445
48271476
48217971
48196281
48217725
48296820
48273450
48206499
48287712
48195390
48331119
48196485
48238701
48305262
48288597
48263298
48205809
48280704
48587538
48804921
50022276
48885249
48238647
48340713
48198183
48264510
48840186
48509445
48753411
48467823
48275241
48202281
48271035
49540725
49067541
49262787
49226055
48918000
50360592
49744491
49797339
49727376
49465890
49693173
49626825
49522374
49390740
48422733
48262623
48312465
48181011
48316242
48244458
48582537
52581390
52644579
51140079
50761611
48797262
48298446
49741833
48435882
48250650
48374925
48240942
48253908
48264057
48245250
48290784
48218859
48285177
48244239
48325854
48276999
48312195
48330000
48347889
48296853
48308247
48326064
48192294
48277491
48336387
48394476
48324819
48326994
48232146
48971433
48551238
48169188
48238707
48250038
48295929
48169863
48251451
48198870
48302805
48235566
48171879
48259911
48216579
50167695
48785709
48272016
48272400
48255150
48173565
48199752
48253536
48251124
48537285
48288822
48297984
48221550
48206796
48354246
48250386
48189888
48230088
48261372
48185712
48270315
48174108
48253185
48207822
48274215
48201555
48261363
48280884
48182418
48210633
48348234
48237231
48226539
48280413
48208095
48209082
48263559
48153534
48258120
48230283
48295932
50096586
48255081
48206154
48345516
48148587
48209142
48286671
48228165
48237018
48282774
48260109
48194679
48222189
48205980
48243798
48264249
48275559
48325905
48230310
48348699
48283365
48353118
48209640
48266955
48273780
48226209
48250221
48217461
48269559
48195231
48276588
48205251
48223476
48251976
48217515
48244914
48243291
48270882
48266886
48284931
48219822
50322957
48235245
48201366
48295611
48184485
48368982
48200226
48294633
48208221
48248934
48225927
48219585
48175770
48239001
48263427
48200850
48333159
48199275
48254517
48227397
48218691
48197622
48282300
48255153
48179193
48284685
48259146
48266016
48157335
48278052
48233985
48314361
48268719
48182130
48286182
48232875
48319689
48238002
48261498
48195864
48223596
49985010
48190542
48301098
48192678
48223152
48227046
48247947
48201153
48292389
48273612
48200571
48294360
48142608
48248262
48214281
48258891
48270390
48272007
48191556
48215430
48256620
48218634
48271095
48217782
48294672
48314262
48263541
48201615
48143190
48277806
48207615
48247047
48226413
48263400
48206802
48270165
48148347
48208440
48274131
48196242
48256383
49871124
48280422
48310695
48286836
48200379
48254406
48248463
48202614
48244290
48231849
48314496
48161778
48291282
48269130
48254193
48264042
49206954
48531993
48244254
48220389
48204885
48272829
48259452
48266409
48234492
48267606
48197139
48179892
48263439
48189534
48399219
48207342
48248226
48233181
48251376
48147834
48344238
48263196
48184572
48270141
48446532
49670769
48272205
48260229
48139629
48290916
48205095
48203835
48273093
48201300
48307245
48377070
48192858
48189267
48296220
48204222
48192414
48337935
48217344
48238014
48172020
48272745
48199971
48266781
48199245
48192015
49581846
48321954
48408327
48417879
48337329
49373523
48249531
48231672
48261498
48188127
48185487
48374568
48199530
48255525
48212556
48696426
49601436
48264297
48261009
48328632
48215388
48196668
48289719
48232425
48378654
48220740
48266940
48160794
48275280
48251877
48197637
48271863
48196107
48255747
48239238
48206808
48188538
48266076
48287709
48207960
48299154
48208866
48254976
48190629
48261678
48192699
48285528
48211332
48199986
48270297
48228033
48204015
48240306
48314580
48198753
48272583
48832530
49261317
48332637
48158742
48253458
48246351
48239424
48194028
48287136
48231795
48249102
48191205
48191586
48231165
48246780
48252855
48180690
48407502
48197571
48218208
48218661
48187590
48254346
48237138
48256776
48183918
48256410
48226719
48263811
48230340
48209112
48222468
48238914
48270252
48186576
48239046
48286668
48256554
48195666
48274764
48189594
49162887
49007010
48193227
48286107
48206586
48245820
48413403
48298239
48235224
48245229
48305379
48144879
48285726
48234435
48235866
48214782
48315009
48203826
48297615
48144168
48183642
48275550
48411663
48670326
48358890
48270567
48485151
48319935
48988329
49475436
48206361
48282462
48285555
48189498
48264507
48185280
48230724
48205557
48279987
48188721
48204648
49093536
48849981
48278382
48225978
48247380
48219990
48264588
48229386
48291144
48203952
48281067
48217344
48221403
48331083
48201708
48319224
48191448
48328647
48253521
48143172
48261945
48237117
48341085
48227766
48277377
48190497
48269742
48226923
48237933
48260181
48230049
48230085
48203904
48279258
48275133
48219036
48187596
48278421
48261975
48190206
48298539
49313901
48880497
48157941
48342792
48204009
48275679
48224442
48211650
48374709
48253509
48210087
48230682
48274533
48200958
48246873
51685311
52439298
49989333
50947812
49708617
48265434
48269958
48328242
48249084
48302499
48312162
48241194
48278916
48223617
48299733
48410145
48261837
48259698
48272490
48312003
48255159
48308193
48244734
48210687
48254076
48351471
49977543
49301877
48252927
48343809
48262155
48278067
48268191
48565518
48949941
48227055
48228897
48211935
48252717
48205089
48197670
48294246
48195162
48303219
48200262
48295968
48147177
48242802
48217293
48256494
48241209
48239694
48265698
48199737
48241110
48242142
48241776
48222837
48211581
48237813
48225729
48247485
48138636
48288021
48251304
48269589
48221934
49994844
48220674
48195348
48320934
48170415
48251637
48222846
48267165
48152214
48288261
48177357
48241356
48195630
48183057
48282381
48219978
48286191
48222030
48260208
48193338
48167556
48257445
48187635
48299046
48197631
48234162
48263631
48280320
48154095
48292941
48241926
48242496
48284460
48216501
48252564
48433623
48289800
48188910
48279216
48200187
48203877
50159997
48224250
48271509
48133752
48251448
48229032
48222339
49721748
48265632
48253026
48215916
48219945
48202758
48286872
48222723
48234888
48271203
48284349
48203850
48164490
48225969
48181671
48328311
48220668
48305550
48207072
48306561
48353808
48165405
48267636
48196623
48293205
48219114
48233127
48225213
48424989
48151245
48274212
48222378
48183405
48256422
49800543
48245775
48308565
48273681
48201006
48246042
48205473
48272145
48294858
48204156
48244671
48195825
48437553
48190194
48432879
48234504
48276633
48280155
48207681
48201969
48256374
48325446
48205260
48285051
48202257
48251898
48230742
48159456
48266772
48219771
48315738
48160407
48315315
48421446
48315624
48168126
48321219
48251907
48204846
48273243
48194139
50291025
48306678
48287187
48199092
48256410
48216864
48231666
48254337
48194673
48292176
48285564
48203841
48239061
48227748
48186105
48230133
48317244
48184290
48292266
48161412
48250728
48221955
48283530
48187821
48229623
48265797
48202011
48217092
48210693
48279966
48222948
48250032
48197562
48208761
48299877
48136305
48271053
48221547
48252675
48214308
48277902
48212799
48266196
48157791
48298485
48271818
48220677
48239232
48227907
48372201
48198714
48217011
48218919
48175953
48362517
48223038
48245046
48224286
48274905
48160908
48250731
48230784
48227079
48320775
48171516
48250479
48223038
48193602
48236481
48260094
48187101
48303912
48261795
48180927
48281598
48185985
48247683
48393153
48295305
48240810
48265056
48240297
48177168
48224106
48202152
48261126
48232446
48266967
48203757
48293595
48205428
48140217
48417660
48219828
48254508
48219063
48248760
48274239
48725847
48504096
48194463
48271116
48196659
48242043
48215853
48272844
48207312
48214734
48252606
48187890
48289380
48220509
48312102
48207696
48270873
48146235
48289791
48292227
48160638
48268590
48198906
48271005
48250008
48201684
48200919
48301230
48425967
48277125
48209154
48200817
48240252
48297948
48241155
48203295
48286521
48214842
48264681
48223782
48252300
48267837
48175503
48264813
48187641
48337476
48215949
48298962
48226515
48262314
48212229
48241872
48250635
48185685
48285153
48257904
48253872
48240216
48220614
48243297
48227775
48267426
48205335
48300252
48224715
48257451
48162813
48269913
48230232
48233334
48275592
48188109
48264108
48233085
48226086
48212124
48267123
48193305
48261312
48322284
48196044
48285696
48245985
48263574
48215007
48284931
48183705
48333642
48287118
48197109
48197673
48234618
48451947
48206289
48294579
48191526
48203181
48260970
48800472
49527945
48336498
48260742
48280521
48254964
48200385
48265470
48152568
48209730
48286770
48196245
48295428
48219945
48254976
48208365
48213615
48219690
48196617
48336033
48209850
48250794
48304122
48221274
48146730
48256890
48199629
48194460
48284505
48220095
48235752
48206250
48228348
48195312
48262188
48221247
48303789
48244842
48308622
48289608
48183759
48249966
48185373
48272718
48194862
48308208
48198654
48181209
48331446
48156918
48195516
48215034
48253842
48252996
48288765
48205212
48192138
48332376
48218838
48252279
48233586
48248841
48303486
48257868
48193389
48147315
48328128
48215142
48308070
51607092
52464234
51844344
51740589
50598678
48730437
48195579
48341568
48263220
48308364
48337170
48338793
48197898
48313491
48217428
48258165
48357072
48257205
48362139
48311967
48322779
48266439
48313089
48150405
48387858
48281286
48258663
48299073
48297816
48322860
48266502
48275799
48269847
48557637
49280778
48192432
48324690
48210465
48259131
48145344
48283974
48202419
48252510
48222186
48245502
48201276
48232968
48274500
48186384
48323343
48208254
48250083
48347637
48251166
48207717
48171978
48332010
48194304
48270105
48235686
48240084
48463083
48464451
48144273
48246084
48280062
48248982
48277896
48212754
48256275
48228225
48286149
48184686
48220671
48277500
48202245
48299181
48208527
48236934
48236313
48253017
48197124
48272124
48277482
48194694
48289647
48244887
48187113
48222849
48328605
48193698
48273087
48219738
48191076
48282510
48166677
48236145
48234000
48248682
48185550
48254901
48218301
48266334
48229461
48197433
48337575
48350622
48314493
48151038
48262218
48207171
48158907
48280101
48201822
48261528
48279411
48257376
48262752
48267666
48172230
48252939
48280917
48223308
48240711
48293730
48273840
48195018
48277413
48165228
48205017
48320088
48212667
48241431
48227130
48317811
48200373
48220764
48219990
48251211
48297693
48230868
48259341
48241197
48290103
48131967
48257364
48270873
48266823
48191187
48217452
48255249
48235254
48204804
48393099
48312264
48460968
48412068
48217959
48232587
48289065
48162129
48323343
48185910
48260613
48206985
48290031
48187227
48199719
48239013
48204312
48241287
48207507
48255828
48225438
48275136
48197808
48164754
48262833
48210555
48252021
48218775
48273921
48197076
48316059
48173415
48261888
48215388
48196929
49243077
48353634
48256011
48199203
48212088
48370041
48255492
48221847
48204468
48247830
48223362
48243231
48146109
48286197
48197049
48255558
48213975
48197628
48236694
48285108
48221406
48183498
48299721
48230433
48250806
48228717
48213087
48246165
48218049
48255210
48194970
48281232
48204882
48245988
48218607
48299532
48145005
48218877
48419733
48188865
48298971
48218679
48223782
48243006
49264560
48267027
48253506
48266052
48200133
48512475
49472589
49526448
49435932
49021458
48200856
48263700
48242649
48269568
48317976
48237564
48259053
48136368
48281373
48257883
48257667
48223947
48252177
48202674
48237174
48262821
48183876
48285237
48211965
48291927
48220866
48380733
48192957
48192246
48324150
48174714
48287808
48231453
48301779
48303780
48344796
48250665
48172617
48349071
48187947
48291915
48206199
48245976
48206868
48286452
48135930
48298521
48231399
48196992
48283218
48207834
48188520
48208923
48210984
48351978
48284265
48201978
48193956
48272916
48221184
48287892
48170292
48253137
48189933
48267621
48228789
48188658
48261546
48218193
48203493
48211482
48284250
48244050
48246549
48218061
48190392
48270957
48162576
48253230
48228066
48301254
48200769
48262287
48416991
48407916
48209019
48224061
48247317
48297861
48279366
48183924
48265299
48293868
48198864
48222690
48189327
48291615
48309813
48244110
48246873
48245361
48128319
48288291
48206991
48187686
48326997
48215340
48200808
48182232
48219072
48136224
48217212
48146964
48157326
48251154
48327018
48210378
48196140
48211137
48161259
48219015
48143574
48204687
48245661
48167610
48187077
48188754
48213135
48151014
48204072
48163713
48153210
48227202
48155511
48202002
48170673
48213009
48148389
48216138
48151122
48155112
48318963
48203994
48347148
48160623
48225513
48149496
48213672
48179832
48812700
49722924
48403113
48243033
48213327
48256431
48194580
48317025
48170604
48274350
48224733
48263328
48247452
48234849
48251820
48196632
48293676
48193758
48256155
48233037
48194907
48283203
48240606
48268230
48199506
48220494
48304710
48254541
48219873
48213873
48260043
48235254
48269187
48130209
48321318
48318255
48241857
48250410
48234117
48226869
48224838
48221697
48243525
48250749
48240546
48238935
49227114
48269799
48237837
48197973
48279000
48182124
50168031
49557414
48407577
48184146
48270600
48204861
48289608
48204381
48229104
48286833
48317685
48238506
48215691
48212535
48184896
48280506
49626426
52586121
52482855
50482014
51605214
50682582
49502685
50683650
49978107
48276870
49100436
49015314
48258102
48338988
48299766
48249693
48294876
48303126
48343899
48245781
48332616
48255120
48320256
48252882
48263619
48306000
48286335
48314304
48423390
48609933
48272808
48302913
48283986
48318057
48964317
48492753
48278250
48163257
48268410
48443250
48231546
48302028
48212454
48182205
48302001
48267597
48208086
48272307
48199647
48230793
48178809
48251391
48203088
48317739
48211245
48184953
48296931
48213987
48197052
48336912
48267057
48270417
48279117
48162123
48209109
48286383
48169245
48266481
48230559
48253983
48261942
48436299
48256662
48190113
48275127
48271584
48250344
48227253
48282291
48489519
48271074
48208290
48160578
48265626
48193470
48248091
48210039
48259968
48259893
49344807
48240276
48311241
48210993
48301134
48233559
48238170
48271764
48200736
48225987
48208272
48245061
48226503
48233976
48288069
48246228
48257685
48217788
48296703
48221934
48314553
48222261
48194385
48186885
48252135
48244398
48158970
48318552
48212808
48249612
48266112
48202209
48249819
48239694
48216426
48180603
48271398
48230640
48251484
48264228
48265440
48248988
48183078
48252255
48181065
48350196
48269604
48249024
48212208
48257940
48143757
48463752
48732867
48191010
48289554
48279792
48243108
48229308
48314544
48204279
48261900
48258555
48260211
48344649
48288645
48246417
48167454
48258645
48195102
48257844
48236370
48185013
48282288
48280599
48226740
48214995
48215724
48203451
48267609
48232944
48180786
48265605
48230088
48269520
48210561
48259269
48193839
48275532
48235578
48229773
48197880
48462699
48238500
48211017
48280377
48199092
48283164
48196785
48174078
48249933
48194559
48280050
48167139
48234915
48251865
48260250
48157464
48295407
48248196
48242751
48281586
48209817
48243261
48205542
48217356
48199425
48219360
48306795
48187731
48691278
48795363
48244254
48268812
48294315
48176550
48271257
48200361
48245658
48250383
48209151
48206670
48218403
48260964
48204729
48291078
48189099
48242040
48297066
48167496
48256587
48216588
48369534
48214101
48253623
48214866
48197958
48302982
48164307
48255546
48230127
48297417
48211362
48272421
48199749
48188526
48215910
48217620
48306111
48227703
48261978
48194385
48276069
48211209
48201369
48284676
48186501
48242442
48218151
48270681
48212826
48260577
48148590
48255489
48216417
48224688
48297501
48237501
48253818
48184419
48212580
48206400
48233991
48237666
48201003
48248586
48299733
48409527
48340296
48272607
48221202
48254154
48333420
48213336
48254811
48228246
48370848
48203631
48282660
48232209
48235275
48234813
48225393
48226749
48173943
48230787
48188166
48261519
48230763
48224412
48273000
48263082
48149175
48215928
48294399
48209526
48265008
48179853
48280437
48262818
48207615
48215868
48204399
48244395
48249096
48252432
48262302
48283824
48166002
48366693
48207201
48132180
48242280
48232365
48255348
48199722
48211950
48200058
48249882
48233688
48222471
48250494
48230784
48242871
48215526
48308112
48203988
48306798
48227217
48188370
48243960
48231714
48196614
49036197
49574931
49583010
48829485
48154485
48209913
48153348
48262887
48177453
48281004
48191463
48319239
48189732
48135609
48232566
48177777
48223110
48163377
48147858
48197796
48186261
48348318
48211410
48265191
48173415
48293304
48183588
48167556
48196005
48173511
48228309
48129063
48210438
48151875
48286530
48152412
48139023
48237075
48172329
48386934
48331596
48202638
48570639
48244011
48141318
48134004
48793863
50103417
48411531
48194823
48279513
48231573
48234255
48217524
48258018
48189885
48186534
48226821
48204531
48339726
48220623
48251853
48216861
48268452
48139659
48217350
48249249
48245226
48368991
48225075
48282189
48199644
48238656
48175887
48245205
48294960
48247578
48262269
48239016
48356916
48208293
48241509
48206685
48233349
48268980
48246090
48266043
48236805
48249690
48170103
48266745
48194664
48270261
48189534
48295677
48244137
48211779
48217614
48202875
48250710
48234435
48262089
48177885
48765708
48263460
48143277
48292416
48204969
48348006
48203046
48318513
48191652
48245094
48203262
48203076
51821238
52775040
51517545
51394938
49106376
48326319
48238200
48300351
48259215
48240351
48303879
48317919
48314802
48269055
48301653
48295731
48217560
48333498
48250146
48343143
48275292
48292785
48277224
48375066
48172965
48364683
48278046
48242736
48338049
48331029
48315591
48272697
48347046
48562059
48973788
48227505
48197466
48267861
48226194
48251091
48220344
48198099
48253959
48265926
48186504
48199149
48373398
48203655
48253686
48173127
48247164
48206613
48285591
48214983
48188250
48256158
48270033
48197709
48218967
48274119
48205203
48273516
48209907
48306000
48208971
48158670
48254859
48215301
48263895
48240594
48282762
48207993
48274791
48161472
48210393
48237417
48214407
48279141
48173907
48267411
48271197
48187476
48203115
48227586
48245286
48199143
48279198
48187746
48267633
48144525
48318228
48267510
48214341
48281928
48207453
48239208
48223512
48322602
48200715
48257625
48690477
48201834
48364167
48220359
48249255
48168030
48257130
48200178
48275661
48197955
48243309
48228579
48194037
48196290
48218424
48317055
48216582
48262005
48193689
48257751
48214569
48173001
48240768
48227001
48329226
48205053
48280428
48208539
48261138
48187554
48257589
48290844
48236313
48364869
48196842
48272235
48187305
48202947
48249438
48197268
48236385
48235500
48279474
48213420
48290085
48154014
48252546
48238113
48207309
48327405
48230559
48317199
48181107
48235026
48231855
48250488
48242787
48248949
48208128
48298269
48248316
48697161
48367749
48209982
48251742
48283413
48267924
48203091
48261267
48281373
48134259
48279309
48211635
48352725
48246636
48251838
48204057
48242073
48225375
48324798
48347151
48262062
48232599
48303147
48258699
48194631
48147933
48273051
48193545
48295434
48210924
48259278
48252093
48270774
48157941
48247332
48244272
48207522
48273537
48254880
48247302
48213156
48215778
48194595
48265905
48215583
48253137
48258885
48229500
48240288
48162582
48265893
48194994
48249909
48177489
48260151
48253986
48251988
48207384
48195579
48253098
48225444
48260697
48184845
48246390
48271719
48257436
48321558
48221355
48252603
48211947
48267870
48184797
48283269
48250980
48178893
48259896
48317490
48250638
48232269
48253362
48187113
48304413
48270585
48174639
48282438
48220329
48260763
48220218
48277143
48149193
48341604
48209331
48192027
48284166
48209631
48240372
48226041
48199476
48208854
48293613
48234234
48181041
48285006
48209007
48425160
48168120
48253560
48241593
48291198
48201876
48207651
48283047
48211950
48200502
48209565
48268533
48210015
48287415
48210207
48187629
48265827
48159408
48257160
48223332
48352800
48183813
48277974
48265260
48193080
48229704
48213222
48243231
48213036
48260109
48225171
48330054
48446700
48331764
48157263
48204579
48243786
48280284
48251403
48182757
48336993
48216693
48186003
48207546
48238908
48241353
48215577
48264375
48300354
48317484
48224547
48256620
48200274
48241890
48325311
48214329
48266604
48186216
48194265
48178902
48273549
48190566
48183657
48290628
48242112
48249135
48160515
48261687
48292251
48266916
48202419
48259716
48258393
48218757
48202104
48213366
48267024
48202776
49234056
48146967
48208461
48167106
48142629
48220449
48161565
48221235
48139194
48208773
48199419
48195108
48174303
48141414
48193293
48175644
48257289
48204888
48218232
48168912
48199716
48226053
48172473
48180099
48203142
48211512
48164607
48335586
48150942
48215541
48347217
48158154
48197724
48176559
48206460
48144765
48219762
48343284
48215649
48175308
48166293
48201717
48181164
48915282
49345641
48738771
48218235
48240510
48230415
48265515
48201423
48222855
48204168
48185022
48385263
48203391
48231927
48241599
48262596
48182385
48185136
48316521
48183777
48346176
48229140
48245892
48227949
48258648
48146742
48238329
48269178
48191202
48268959
48217890
48240225
48232722
48236805
48167418
48226500
48381960
48191523
48268677
48259779
48237492
48233625
48204546
48256491
48235122
48227601
48262611
48272217
48268503
48257067
49292346
48246441
48254202
48255246
48210144
48246033
48269715
48209703
48195324
48234735
48262140
48210495
48350187
48221946
48236946
48267753
48375786
48415098
48298494
51527778
52895280
50942133
51045594
48989124
48242403
48320955
48207801
48358428
48343728
48307377
48332424
48273108
48253659
48401490
49055907
48250887
48389325
48242145
48294534
48281427
48316947
48248832
48164943
48334044
48240099
48320898
48272436
48301725
48293946
48298260
48253203
48287271
48489078
48873186
48383958
48200718
48246930
48232299
48252390
48146472
48277692
48209136
48200769
48267801
48284667
48242208
48236673
48205977
48192000
48274734
48348969
48207285
48264621
48322884
48249327
48193833
48257463
48199698
48302625
48284058
48231753
48239721
48191220
48197679
48231201
48254760
48216375
48277464
48264087
48270981
48213681
48148812
48242904
48240264
48255282
48189363
48274500
48209301
48317340
48165504
48203187
48242541
48240195
48266379
48196386
48332220
48250020
48211296
48225402
48191877
48241461
48231906
48250935
48187488
48276972
48166863
48262659
48219414
48191106
48233292
48249714
48363108
48305016
48234585
48213069
48305697
48208002
48212127
48239892
48226641
48254760
48144780
48423402
48232824
48254085
48199197
48245766
48204780
48241389
48290544
48204039
48311559
48213147
48229425
48216801
48273012
48181983
48162894
48286152
48243066
48253317
48210564
48330747
48208158
48266556
48169611
48455082
48250941
48230049
48258039
48194766
48284985
48190542
48199770
48222531
48192522
48292116
48230199
48243744
48189606
48459390
48191829
48384672
48484980
48237180
48214734
48226590
48247890
48187215
48298674
48212247
48265578
48215064
48254547
48176568
48217566
48257907
48180054
48227892
48201864
48298143
48243684
48258027
48185760
48236343
48257373
48137388
48294930
48257808
48254583
48278649
48271581
48197316
48277641
48204540
48193449
48279033
48307392
48255471
48223137
49001460
48196638
48184041
48259449
48188406
48290157
48230283
48243771
48226809
48254523
48146469
48244776
48233919
48193230
48332589
48214359
48247683
48223512
48207828
48195687
48289209
48193149
48188298
48298107
48260001
48236838
48171792
48251220
48194055
48279519
48217956
48245256
48301779
48309501
48204618
48233754
48225489
48196476
48268221
48194595
48198531
48271308
48156462
48250401
48207321
48294333
48188325
48258180
48320715
48188712
48229041
48254937
49115670
48206592
48268686
48200178
48273528
48206007
48208365
48254817
48304095
48237663
48227076
48259776
48179484
48320532
48159444
48244092
48303918
48236535
48234618
48205983
48296358
48186186
48218889
48208311
48233286
48197547
48286191
48393405
48270039
48267864
48266550
48203328
48221826
48234273
48309402
48195498
48288741
48211809
48250548
48167412
48251604
48240843
48260634
48213885
48197418
48291318
48220602
48259992
48207063
48252606
48184038
48275631
48210192
48261099
48238101
48151017
48245541
48229473
48257610
48194022
48272667
48223773
48269835
48174801
48247089
48245958
48242202
48259398
48205533
48295311
48216069
48209757
48231555
48204090
48240543
48427647
48262665
48327576
48294786
48170142
48255123
48282774
48241152
48242100
48361413
48252081
48191466
48219963
48217977
48292053
48279762
48222006
48231882
48231810
48275787
48125244
48275475
49667748
48247521
48333084
48198867
48157632
48189135
48210372
48144291
48235590
48171054
48194259
48172521
48263334
48146049
48195756
48206808
48125445
48236514
48175086
48234102
48220086
48190809
48139059
48179871
48237462
48145929
48218295
48189012
48174870
48155451
48211662
48137076
48164967
48218769
48140802
48217260
48292458
48279885
48154431
48247860
48345642
48224481
48241362
48133008
48190431
48152244
48924186
49370151
48761712
48190323
48263670
48199305
48192606
48320229
48221853
48256083
48227301
48259461
48201570
48275826
48197373
48194376
48277668
48150543
48238722
48217281
48310395
48198840
48275346
48206199
48309795
48185820
48208986
48250188
48210057
48284646
48202131
48380622
48213297
48208257
48208992
48278448
48241977
48198003
48282336
48167295
48252600
48185406
48301272
48201849
48183570
48287109
48206655
48245334
48271893
48200223
48202764
48273684
48198750
48197031
48283650
48196230
48237747
48164514
48307212
48199851
48257517
48216603
48313128
48272607
48226863
48230244
48221580
48266277
48236661
51930219
52630866
51529848
51555039
49945707
49578717
49740117
49516416
49314579
48278637
48286971
48276963
48325758
48208980
48331911
48223881
48260718
48350247
48291447
48318081
48295284
48279264
48261939
48338241
48203088
48267546
48330054
48265881
48307002
48291171
48284232
48196746
48328413
48765501
48778917
48245994
48371640
48268650
48226089
48260184
48183546
48366036
48205518
48235083
48212484
48206640
48251670
48226236
48212586
48192582
48278202
48199197
48248634
48223551
48203241
48243486
48158445
48290667
48193551
48295683
48351267
48247785
48239850
48224931
48210417
48246474
48273468
48240777
48276609
48218709
48337362
48212244
48162837
48245100
48263115
48261600
48249510
48289734
48218676
48247425
48174537
48311283
48188139
48214875
48268395
48178581
48354963
48348162
48265605
48262689
48256761
48293286
48214905
48257730
48185967
48271017
48171237
48230667
48215553
48276189
48189819
48325677
48377592
48178944
48231315
48291993
48236889
48205662
48327885
48181320
48209712
48274386
48130263
48266223
48243882
48290574
48206598
48286305
48211800
48223020
48161700
48223086
48252105
48198579
48285390
48247734
48252978
48235074
48200838
48171006
48287673
48296694
48156948
48283620
48215844
48304698
48204498
48253806
48186186
48238536
48256404
48186522
49083126
48324150
48298911
48301086
48269211
48190581
48237333
48265128
48284583
48278328
48245976
48203946
48235260
48253410
48179526
48253248
48190857
48249258
48271263
48156981
48259494
48233226
48255627
48195999
48289119
48206262
48199728
48234921
48280107
48259863
48230454
48264372
48185838
48260895
48257895
48140355
48276951
48202302
48246411
48225672
48257184
48196701
48216177
48148170
48191235
48276591
48230169
48242256
48239349
48258681
48210033
48267858
48212454
48186468
48270009
48222768
48248595
48238668
48265179
48172506
48255969
48256092
48217503
48328338
48243837
48251313
48221604
48221694
48201729
48275802
48208671
48341268
48236244
48211569
48247500
48171534
48282645
48186387
48279432
48220998
48252066
48220641
48270414
48188673
48214560
48374640
48189591
48269103
48232623
48251814
48196578
48131634
48306060
48230484
48245157
48193839
48252084
48225978
48295023
48258498
48186717
48269922
48204351
48290898
48222306
48249852
48200970
48238191
48188694
48193722
48323013
48209658
48255519
48216237
48252927
48157665
48291771
48210471
48201426
48319659
48216795
48228645
48230694
48222741
48205989
48296010
48198864
48246210
48216381
48206043
48431415
48178029
48363486
48245091
48284316
48198003
48264021
48318747
48218733
48343101
48216456
48264474
48210378
48281436
48163878
48246462
48225327
48167601
48246540
48232806
48311976
48199890
48291759
48282912
48250833
48212220
48190518
48247242
48228738
48259881
48185994
48274035
48202170
48233475
48223578
48216837
48267069
48218223
48270825
48180813
48225315
48257958
48277095
48192702
48254250
48204198
48210645
48288339
48183807
48270879
48195288
48228135
48202332
48287382
48191208
48219678
48310953
48192723
48293391
48234819
48231876
48218772
48355371
48215721
48187305
48243282
48182601
48218634
48255051
48277524
48264081
48201897
48173616
48174018
48199785
48212391
48200838
48204819
48222528
48143952
48194475
48178908
48144246
48196539
48187515
48227583
48144906
48240198
48310644
48258237
48232557
48164922
48292077
48178992
48223737
48141813
48217503
48171369
48194529
48200451
48153255
48202527
48177783
48262554
48124866
48395862
48161064
48181584
49411398
48509034
48123768
48174840
48210438
48124008
48948342
49426617
48413433
48231732
48247842
48168012
48261453
48209439
48143442
48269715
48205896
48235659
48270030
48254841
48178818
48264606
48161142
48200106
48277323
48207315
48291261
48246888
48307749
48201192
48229338
48202041
48262092
48278484
48154917
48304122
48297102
48249462
48314964
48208245
48223044
48185757
48291945
48316245
48251655
48223215
48275709
48147396
48275640
48210849
48195924
48267198
48290742
48248457
48231258
48214170
48191292
48261342
48202863
48235530
48201702
48186876
48242226
48225633
48251007
48203538
48277317
48226071
48368832
48226116
48264861
48184383
48243378
48264282
48189546
51601011
52572843
51273540
50794470
49613913
48248427
48272301
48271176
48283185
48282042
48308226
48323205
48234870
48322965
48198477
48388398
48268548
48302703
48315357
48316650
48238272
48310641
48289458
48208518
48341292
48268890
48294375
48285435
48329157
48315603
48345837
48264942
48241278
49335738
49065087
48261399
48265095
48275310
48215418
48219648
48215664
48235851
48410478
48217920
48248982
48318951
48263940
48161685
48255948
48207498
48253311
48196902
48192072
48229644
48248646
48211770
48194223
48318861
48223521
48271101
48269982
48188037
48249525
48233427
48263190
48308091
48293544
48220086
48258924
48276108
48188103
48188613
48247740
48258636
48203250
48289827
48202695
48250662
48220401
48207801
48237102
48234222
48260673
48180393
48284649
48219210
48262995
48186273
48224592
48267255
48260001
48269991
48188832
48283386
48223626
48185217
48211566
48369753
48230091
48328356
48252582
48186924
48338691
48274458
48291954
48238563
48259758
48188844
48234864
48286995
48185352
48214899
48216807
48300246
48216339
48281334
48213072
48229599
48283644
48133173
48256212
48229770
48245664
48225123
48310185
48175548
48193989
48224442
48199563
48280239
48294288
48270381
48290850
48272754
48208269
48161220
48250032
48239559
48253422
48206100
48289014
48211047
48257649
48171045
48235989
48198492
48255609
48367914
48195489
48299172
48212913
48274200
48236460
48261336
48180450
48219504
48256029
48182574
48325029
48193215
48243582
48275364
48329865
48312753
48237990
48301062
48194601
48310254
48187560
48256614
48221424
48274377
48191454
48247443
48250476
48196788
48213924
48296772
48343791
48366987
48275148
48266961
48259104
48240174
48145881
48286365
48206175
48259812
48228078
48262866
48204249
48298392
48150417
48194196
48331671
48204540
48243336
48224322
48263586
48260358
48210360
48219873
48190104
48279906
48276750
48304317
48272166
48263292
48156471
48277074
48208383
48196944
48278262
48212487
48256125
48270330
48208716
48226044
48293511
48201243
48192960
48296982
48234036
48240387
48161835
48274413
48259896
48278607
48225507
48246576
48258321
48219315
48197241
48320328
48274425
48300663
48271461
48216048
48238788
48282060
48244716
48236157
48213117
48284949
48184119
48266556
48220410
48256521
48152154
48182823
48333093
48207678
48239691
48232320
48260433
48193053
48218079
48210045
48187164
48283080
48205851
48299295
48222453
48444213
48147756
48276966
48209757
48200289
48331986
48207918
48247764
48224466
48210522
48192096
48277212
48216270
48190254
48266352
48226872
48250014
48192558
48260025
48185559
48265548
48308544
48238986
48248493
48205155
48244152
48249102
48266067
48202752
48286380
48204015
48313686
48349281
48360675
48289497
48332631
48245181
48200466
48281352
48259212
48315732
48223473
48161067
48230130
48230772
48261288
48194307
48297048
48227355
48259170
48222051
48202392
48303207
48290223
48261327
48274518
48268029
48215052
48281565
48233148
48204246
48250110
48236868
48257583
48200475
48275787
48171852
48293901
48225216
48426273
48175332
48250230
48259959
48251682
48214797
48219441
48238104
48217677
48316164
48199935
48208383
48334434
48141729
48207174
48175047
48176304
48147669
48226809
48127521
49031997
49525521
49456533
49533504
49493778
49511493
49492296
49526250
49496013
49519767
49476552
49542765
49488894
49506897
49510170
49487259
49483482
49525518
48332847
48360087
48144384
48141021
48244461
48154032
48192063
48190023
48211347
48165576
48353379
48158622
48181281
48192009
48189678
48187476
48958860
49565823
48252600
48214209
48220461
48288789
48190911
48188148
48287814
48197649
48288357
48214713
48221991
48195855
48269514
48210114
48190821
48241995
48365124
48191781
48182778
48262518
48202074
48254442
48217956
48227211
48220677
48196929
48255558
48185211
48288084
48203868
48266442
48218202
48351750
48136947
48232863
48248928
48249660
48268371
48217386
48233334
48237543
48219030
48241062
48252507
48268308
48192852
48281994
48218340
48249186
48162192
48296532
48252321
48261522
48257358
48178281
48278817
48240396
48195318
48229623
48257460
48340587
48233679
48418911
48206739
48395850
48196359
48340389
51420759
52759509
51429840
51451569
50116986
48522135
48244215
48320202
48223869
48283224
48292707
48367323
48263820
48184224
48328455
48250185
48276576
48321081
48267519
48274308
48309159
48239622
48303291
48251790
48247749
48277221
48293505
48289692
48372006
48336708
48249813
48312510
48340995
48556545
49341264
48328344
48240621
48237114
48263661
48210048
48267996
48172275
48265026
48266496
48159672
48233598
48240990
48251757
48199542
48212196
48209166
48353640
48313953
48201048
48239352
48234267
48252291
48187428
48440703
48212355
48268041
48211512
48189741
48251598
48230292
48207984
48180315
48277779
48211428
48258600
48200931
48216522
48255939
48182937
48279603
48173784
48268719
48232971
48303465
48214398
48244119
48187647
48206550
48295818
48185082
48317997
48189567
48289026
48193947
48154116
48279741
48221850
48249174
48178461
48254397
48209535
48269760
48155658
48277008
48206499
48213942
48330315
48281232
48260205
48219189
48222897
48259311
48253509
48223854
48214656
48253698
48280698
48339135
49725519
48198996
48201633
48270315
48200742
48203076
48248565
48281109
48300117
48133803
48292302
48188664
48242346
48264120
48254031
48188361
48240450
48259875
48172452
48278484
48279831
48254397
48310230
48267786
48191343
48170259
48253167
48193131
48286251
48224442
48235704
48227781
48230475
48141051
48235611
48346518
48360615
48299907
48451047
48348612
48265908
48284367
48193605
48238773
48255558
48187443
48276390
48269139
48240990
48170490
48246609
48200154
48265404
48221997
48181218
48395979
48264033
48188640
48230265
48232899
48198126
48262644
48210504
48201702
48344958
48163359
48308631
48216570
48258981
48187374
48271821
48308880
48211578
48235242
48325800
48244029
48354771
48263070
48196110
48268488
48204357
48149799
48273144
48202281
48250290
48232725
48279984
48199650
48274659
48159660
48315504
48282102
48200943
48254193
48221010
48264405
48202149
48218661
48206808
48215259
48242970
48226716
48289491
48215148
48282630
48134076
48279852
48237201
48254052
48315315
48238974
48239949
48222558
48216201
48211230
48247137
48189042
48284154
48206049
48194235
48274770
48148005
48236838
48219609
48346743
48181752
48270726
48213747
48197667
48334563
48148101
48243786
48242019
48251079
48151185
48320970
48259548
48256662
48229815
48203565
48247386
48230859
48276411
48219537
48312258
48219306
48164754
48270585
48203511
48258375
48254751
48249567
48203538
48270168
48236532
48353682
48306252
48205935
48308661
48262443
48229926
48212307
48216069
48196353
48316731
48225852
48213771
48246048
48229998
48268809
48146628
48282720
48258504
48258285
48209448
48200901
48245412
48306132
48231876
48193380
48270870
48215436
48261438
48215904
48811446
48256308
48185859
48223155
48176196
48267795
48206688
48236514
48406278
49561251
49462269
48297654
48258105
48186009
48289542
48210849
48235893
48234321
48188847
48374346
48302970
48295071
48252522
48303939
48197739
48265089
48243414
48282834
48277149
48262692
48197643
48190005
48295260
48308817
48243060
48156477
48270573
48207462
48294222
48191760
48181179
48284352
48269433
48202398
48234618
48332271
48144849
48246279
48148461
48145734
48243426
48162930
48204558
48172548
48261657
48148467
48222894
48140187
48147093
48239529
48162180
48259110
48168072
48221565
48137940
48219474
48143967
48139935
48223449
48160212
48204330
48170007
48216807
48152706
48219018
48170439
48143472
48274914
48147570
48230301
48166032
48190608
48211797
48206157
48331023
48215772
48172128
48183804
48232746
48157254
48836196
49369665
48444795
48225108
48263163
48270060
48268710
48265899
48226140
48204471
48185214
48291810
48228429
48240762
48152439
48251958
48251211
48160320
48270558
48245124
48270468
48335175
48244050
48207309
48243966
48195843
48211566
48256173
48215340
48268014
48199149
48264978
48201597
48196032
48293544
48213933
48247176
48224553
48256437
48279129
48207882
48151314
48274917
48212364
48209028
48237417
48283605
48267654
48204171
48219750
48208938
48247134
48240492
48199287
48243948
48273822
48264339
48139404
48274446
48201624
48390369
48227319
48305955
48262575
48223794
48272319
48191058
48213504
48207732
51690381
52703568
51836997
51390969
49586745
48388983
48341250
48193839
48350802
48301377
48312855
48283086
48226356
48319104
48284646
48267810
48248271
48337077
48281298
48278907
48311970
48319842
48279303
48150573
48295089
48225282
48323670
48280173
48291273
48268299
48333882
48214725
48316038
48813330
48981753
48292881
48191532
48233061
48373800
48217812
48199275
48221547
48269829
48216342
48275217
48211602
48243303
48159861
48265896
48186702
48248310
48224163
48215853
48283422
48318096
48192147
48190320
48268110
48195027
48311340
48223245
48189369
48264396
48204288
48270363
48275643
48284178
48206361
48247488
48247065
48325023
48267822
48197805
48310044
48198531
48299265
48192969
48270240
48236763
48215958
48209235
48182643
48280749
48274707
48272187
48319782
48354732
48204354
48648114
48238779
48237561
48241371
48209916
48298008
48173928
48268713
48139068
48291684
48205599
48149400
48282834
48217929
48465708
48226926
48209721
48184788
48267330
48269007
48204234
48267999
48216579
48232809
48175425
48262656
48256185
48280248
48192876
48187722
48282930
48215442
48189156
48228144
48400212
48206754
48311286
48218196
48200049
48259206
48218709
48264177
48309630
48362817
48270981
48276117
48208221
48241134
48211908
48188277
48253575
48263085
48275961
48295773
48352545
48206271
48217527
48217791
48190833
48344451
48365736
48247926
48236172
48276093
48164076
48266481
48213804
48199014
48304386
48257529
48249222
48190752
48224001
48210906
48254568
48229770
48205932
48257493
48247167
48256893
48239769
48264162
48233706
48262341
48236130
48203595
48245484
48274293
48213741
48193950
48308325
48216366
48312774
48226101
48252207
48237120
48194277
48263598
48170616
48267720
48233202
48268737
48320364
48259491
48187779
48164277
48330399
48228924
49178274
48223758
48292842
48220881
48294516
48168123
48256047
48324876
49347432
48537735
48219354
48252903
48221487
48262008
48254601
48283089
48184461
48187827
48285549
48215769
48257289
48169803
48312681
48197619
48294510
48207678
48201783
48327156
48314001
48204732
48207639
48281091
48194973
48281133
48188646
48186198
48288174
48169407
48248463
48231885
48266187
48182430
48372750
48285852
48202056
48221262
48211497
48275463
48203577
48275052
48188805
48279075
48220128
48181446
48284805
48226830
48256395
48223413
48284880
48181953
48235512
48168597
48296943
48210135
48238209
48252336
48201873
48250794
48220041
48220323
48199977
48300219
48183915
48377385
48525216
48257460
48239841
48163896
48246996
48186885
48355977
48259218
48392631
48236838
48215373
48208497
48153435
48262017
48199737
48267342
48194667
48192495
48286014
48226290
48188712
48220035
48322908
48193383
48262593
48212259
48228078
48265506
48141141
48240573
48222753
48267099
48198921
48266310
48206394
48355917
48173292
48211677
48307029
48228048
48261552
48264390
48305187
48203025
48200337
48231609
48197835
48229530
48224976
48254790
48197337
48277548
48164931
48258996
48214338
48202092
48246561
48300294
48265245
48183696
48220806
48208551
48256320
48232494
48201444
48267402
48211167
48328065
48144066
48277635
48246330
48234642
48278109
48150090
48191016
48166593
48323694
48138726
48210756
48175704
48183924
48285858
48203718
48167583
48207291
48203592
48181974
48354231
48160461
48248829
48210522
48302211
48185475
48139398
48196044
48183348
48209226
48149121
48211683
48174606
48204993
48166314
48139677
48199416
48356838
48281661
48145437
48492687
48277266
48206220
48413826
48147108
48191598
48191484
48201198
48153186
48878271
49430475
48776235
48203916
48258279
48235116
48211434
48265938
48174684
48294747
48202074
48280431
48203424
48261135
48188511
48235548
48263532
48182649
48275013
48263910
48235965
48224952
48251013
48193314
48358086
48267192
48399729
48264645
48746061
48249306
48181404
48254325
48193278
48257034
48307404
48184809
48274716
48207024
48255342
48221223
48253353
48155850
48282159
48268431
48186390
48280023
48211956
48188415
48227055
48189849
48190917
48286329
48185016
48195063
48286851
48215430
48295749
48160854
48261711
48221856
48277092
48199125
48355890
48272229
48201183
48205947
48214962
48244425
48205761
51839169
52895412
51322842
51410856
49279896
48299184
48245922
48275049
48549096
48253950
48308586
48260937
48200988
48310932
48260895
48293196
48252816
48338574
48311253
48375807
48278208
48265932
48272553
48217629
48304749
48289572
48331920
48350670
48343881
48281136
48301122
48250752
48277929
48304326
49695099
48276552
48188250
48279702
48218898
48207561
48216468
48247986
48362973
48227955
48246129
48200721
48272406
48176235
48266400
48230451
48213453
48242880
48235818
48259140
48204252
48208212
48261159
48255216
48196539
48276393
48227739
48306678
48277476
48131718
48254286
48256002
48234669
48225936
48318690
48178872
48230073
48237267
48196236
48255948
48235749
48235077
48250848
48288462
48184956
48151821
48240180
48210864
48267951
48190056
48280128
48198279
48313212
48186930
48185304
48236889
48230295
48251766
48199746
48281055
48318108
48708609
48884484
48237543
48246636
48178824
48249654
48191628
48344187
48160707
48260139
48229188
48266472
48173973
49753632
48284322
48276582
48233712
48167655
48265914
48208077
48276636
48205419
48206385
48267009
48225546
48191484
48223974
48278463
48230481
48272070
48216153
48225072
48234246
48185709
48793965
48284328
48260043
48185067
48290166
48233862
48256947
48158646
48210633
48236139
48227430
48272199
48180180
48256719
48190737
48295551
48210915
48181056
48300441
48199821
48304800
48389124
48292695
48147579
48266775
48250296
48214962
48373521
48253983
48250461
48222969
48197073
48191712
48271677
48265023
48263118
48281829
48207207
48252363
48168891
48295053
48219579
48267795
48205128
48260595
48288618
48276621
48247203
48288963
48361050
48190755
48268188
48209763
48261804
48234375
48154893
48268272
48225534
48247443
48201540
48275682
48206235
48260514
48195261
48255888
48236712
48225417
48275121
48198690
48343830
48209979
48205593
48234048
48205692
48251643
48230070
48313248
48192090
48288738
48174030
48263829
48248715
48190113
48288048
48216288
48257385
48182799
48232437
48230418
48231747
48226605
48265011
48191157
48238917
48292146
48137667
48254916
48220605
48235371
48216108
48272664
48191490
48207048
48469767
48139047
48406422
48236958
48230247
48802899
49503546
49444158
49532802
49484655
49518777
49432683
49554702
49486374
49499577
49519476
49452315
49529499
49444497
49557387
49436922
49546380
49479918
49531536
49446015
49552410
49460646
49566237
49612803
49536471
49457979
49520835
49445610
49570683
49480689
49503894
49472889
49543998
49471356
49459494
48191133
48230052
48260109
48184449
48281223
48223419
48259374
48177828
48314628
48192426
48317859
48223338
48177498
48283461
48259257
48182457
48219705
48250047
48262560
48423534
48300531
48242025
48281079
48161256
48243315
48293739
48264522
48275862
48276723
48198840
48207861
48229707
48218016
48280476
48223248
48262281
48202626
48319698
48220731
48156666
48300246
48244227
48316368
48228543
48261357
48201714
48282384
48164793
48221784
48279993
48206331
48250539
48217953
48251778
48198846
48268281
48478581
48302307
48213282
48205092
48243666
48259425
48263934
48188844
48219945
48205299
48273807
48211542
48270369
48311301
48159294
48233574
48130893
48241137
48177249
48202239
48203355
48136056
48237465
48159726
48188538
48164205
48259665
48146220
48223533
48147432
48203277
48250038
48155310
48182631
48159057
48230418
48154419
48230466
48155898
48135861
48788268
48159039
48202758
48172896
48213762
48301914
48212715
48160152
48151203
48230616
48153915
48192078
48329640
48217902
48217203
48228159
48155646
48191169
48823518
49824432
48251529
48244548
48265311
48207153
48215283
48193464
48253575
48294936
48199926
48237393
48213060
48249201
48147159
48328767
48258630
48253812
48235068
48200028
48230415
48225555
48270360
48190371
48301503
48197373
48255555
48257244
48259539
48191673
48262722
48264024
48199110
48267051
48209931
48245388
48285582
48260838
48140997
48239421
48309636
48196470
48272379
48212049
48246951
48224238
48226350
48192828
48226458
48271494
48696333
48275343
48214467
48233763
48199041
48254310
48187005
48230355
48282207
48208872
48346227
48305439
48385704
48158430
49269786
48205443
48271977
48190728
48189399
51981096
52501593
51259455
51093759
48981582
48320685
48286323
48243423
48301059
48290493
48309027
48260670
48267834
48205752
48315981
48368226
48263622
48305748
48246126
48320823
48193626
48336213
48316137
48306000
48217341
48301557
48223182
48276396
48254949
48305175
48322365
48256599
48306237
48885450
49457583
48234246
48178470
48203406
48233697
48295998
48290355
48270549
48187107
48271641
48216501
48226719
48204123
48230217
48249663
48465867
48279246
48183888
48281619
48162045
48326130
48214533
48226434
48421164
48230781
48275892
48183192
48272805
48220812
48252120
48207054
48198939
48252129
48200721
48242706
48173787
48254385
48187548
48258732
48205773
48188463
48305493
48270387
48185028
48247209
48259206
48192213
48321312
48209919
48244365
48275784
48172164
48273126
48219765
48254433
48170625
48258294
48216756
48271656
48168129
48194730
48252120
48244260
48344850
48188616
48264546
48205497
48222183
48278526
48183678
48298644
48250560
48255300
48189633
48343563
48181575
48319944
48209616
48198486
48243627
48254022
48221769
48179262
48324825
48206226
48260253
48232131
48220131
48245385
48237666
48248424
48151755
48270099
48247173
48249891
48213924
48263178
48401373
48247152
48225879
48190782
48283371
48211194
48255243
48163500
48254184
48221661
48197325
48273369
48177801
48265251
48413589
48259143
48259776
48641577
48139389
48219744
48316026
48195993
48267054
48221436
48226050
48203658
48200967
48246852
48232884
48279696
48185007
48279417
48245625
48187926
48196716
48274830
48193575
48202425
48290940
48195729
48282480
48205743
48303540
48174573
48242697
48287427
48218469
48240948
48239379
48243480
48150024
48266262
48253770
48252567
48475779
48318120
48198003
48235056
48260145
48185469
48249792
48200013
48255663
48219411
48266064
48176430
48452823
48208779
48191340
48329829
48212256
48252591
48227535
48320634
48196128
48169992
48262548
48197352
48292050
48214287
48239133
48262989
48999747
48178332
48280134
48267069
48153270
48372147
48278895
48252003
48219126
48205887
48203706
48286299
48199620
48197538
48301182
48205629
48243390
48172401
48592962
48662019
48288312
48310668
48198627
48291372
48213654
48194499
48218940
48331293
48207963
48257685
48183378
48251943
48337008
48172926
48245916
48226152
48273939
48196359
48267021
48207498
48285090
48255138
48188793
48237771
48231339
48272802
48194760
48280344
48202791
48203403
48220533
48338607
48262032
48287781
48260895
48343353
48245700
48153018
48251343
48227445
48205917
48247320
48236802
48278208
48192243
48246267
48202608
48253005
48229017
48208659
48246510
48276834
48271113
48150024
48253290
48265302
48269238
48224829
48209271
48191610
48218553
48246261
48224586
48275352
48233106
48244371
48210003
48307704
48228273
48287511
48220356
48187962
48250896
48225195
48236625
48212220
48270405
48201162
48149613
48343671
48358662
48251301
48368244
48233280
48205332
48229560
48156507
48193875
48270579
48452298
48258885
48194706
48260547
48209445
48320139
48280560
48213042
48250896
48238713
48269808
48204330
48274368
48148308
48310077
48370932
48190101
48233157
48244821
48253545
48140223
48234405
48182085
48209529
48169158
48149550
48203235
48194667
49125642
48144375
48222357
48157143
48231888
48179187
48256386
48136521
48191271
48217515
48125397
48221166
48163944
48189363
48183237
48219237
48148422
48201552
48208515
48127191
48303699
48190326
48205728
48169341
48209856
48156093
48206985
48274458
48123960
48215697
48392493
48213246
48168192
48216879
48143250
48160557
49033380
49455528
48289398
48236154
48342213
48172656
48242214
48188787
48290466
48201234
48185067
48250053
48216207
48194118
48216048
48270138
48192936
48287427
48363531
48185703
48287703
48166374
48254175
48228195
48251583
48180753
48280233
48213411
48200421
48247626
48183360
48238896
48212577
48269160
48203106
48301422
48225792
48190503
49168671
48285315
48265323
48218979
48242595
48192936
50388819
49771254
48252648
48214161
48274815
48218187
48183003
48265086
48277848
48265581
48185202
48287727
48197664
48265056
48236349
48206091
48261438
48207615
48308598
48259917
48269112
48255567
48268143
48222153
48203436
51569787
52602582
51421374
51489216
49573788
48296082
48287424
48320994
48237723
48309858
48316791
48236439
48261777
48243909
48276183
48281853
48317247
48265089
48308487
48316782
48187875
48527181
48296235
48310020
48276900
48271170
48248388
48301719
48264048
48242271
48334281
49331808
49635720
49712832
48887769
48307389
48248193
48207681
48270870
48185784
48243831
48274479
48182412
48213993
48217497
48220836
48241152
48259389
48211605
48234495
48250350
48272841
48276093
48169872
48256464
48214833
48267018
48178077
48305430
48262149
48187224
48256923
48223866
48259200
48265791
48268995
48207588
48235884
48296556
48192408
48211296
48868629
48253992
48231609
48257619
48199458
48274575
48151962
48197739
48253443
48226782
48384291
48321423
48308523
48196764
48377784
48196896
48197283
48255984
48220803
48249057
48240612
48294708
48129918
48274854
48224346
48164106
48306870
48230973
48571407
48220704
48215226
48296319
48272508
48223908
48301947
48194163
48227775
48261231
48159540
48274524
48194295
48257535
48251814
48303228
48208992
48183750
48231387
48198468
48282948
48225597
48262692
48153552
48269169
48197256
48184041
48299544
48205848
48239808
48277371
48312657
48196755
48270282
48215247
48146301
48284175
48208662
48248397
48223260
48384981
48309339
48272709
48154152
48200298
48378336
48212883
48273960
48226230
48217905
48201627
48226311
48199185
48227028
48321285
48203280
48252456
48242340
48273153
48150432
48264513
48202131
48343242
48222675
48195711
48238257
48229488
48209916
48257376
48278721
48205443
48249450
48253965
48265968
48249858
48204285
48226575
48186798
48277431
48218175
48265497
48214827
48206817
48187956
48231141
48267234
48182205
48264759
48291159
48237318
48213828
48173934
48235644
48213603
48331935
48182052
48314562
48225537
48244644
48202884
48295305
48215508
48221751
48279612
48183687
48274974
48225231
48162888
48255804
48324279
48193863
48203793
48240033
48247179
48295875
48139311
48260841
48207081
48237987
48199446
48189894
48256692
48243225
48438318
48194151
48217293
48211656
48270285
48220932
48200982
48237585
48195720
48263946
48202044
48276111
48202656
48262410
48211158
48189945
48207315
48276948
48250590
48185346
48324189
48212565
48270921
48221187
48156777
48255789
48248082
48699702
48639570
48281205
48226539
48248625
48192216
48256353
49221912
49543626
49585887
49505673
49583688
49495770
49565511
49516164
49530438
49639602
49530309
48266394
48339072
48277182
48264864
48199659
48286692
48140217
48199725
48396477
48275682
48265923
48227823
48260154
48246477
48209829
48223077
48215559
48278418
48212472
48248169
48226869
48265962
48141237
48336897
48208455
48198192
48263832
48200004
48258246
48239148
48215715
48199788
48268824
48390075
48255318
48189108
48192381
48310974
48174684
48256107
48194901
48356661
48220704
48314064
48194139
48193260
48205452
48228141
48251955
48188967
48282057
48211137
48262554
48210861
48149763
48242841
48225072
48329373
48186867
48291855
48223749
48235017
48158262
48209871
48285294
48219174
48281961
48230832
48347112
48218661
48185103
48268770
48230175
48245844
48214329
48284760
48171192
48315369
48172209
48177279
48141168
48141756
48231870
48173217
49325742
48148863
48213990
48336315
48197775
48198609
48222042
48258843
48151170
48207057
48184314
48202026
48154404
48242538
48159762
48215103
48165966
48149478
48195549
48176721
48199818
48312945
48218715
48406326
48400332
48157164
48159561
48232848
48177924
48392199
48150546
48243204
48140052
48207615
48169179
48875694
49402701
48334725
48264069
48226716
48240963
48254319
48279915
48138270
48254382
48190344
48237807
48252270
48186105
48340443
48215727
48239529
48231894
48300858
48210642
48246246
48257664
48185976
48273615
48243936
48333390
48197799
48374025
48181404
48242091
48232872
48286599
48235434
48205719
48248733
48223185
48287184
48188103
48284118
48211161
48203385
48293973
48223722
48246483
48229938
48254898
48204012
48285702
48155421
48184485
48271869
48219198
48237516
48220626
48451494
48198228
48208737
48200151
48178290
48284940
48215259
48297144
48327579
48277104
48152475
48277275
48202965
48195513
48284016
51746919
52652025
51070035
50794467
49120473
48315114
48250716
48317826
48298125
48320526
48255216
48341370
48271386
48258585
48285771
48362031
48242166
48323976
48321282
48258705
48348354
48220575
48314607
48278706
48318075
48274680
48312894
48307470
48250551
48334170
48248292
48296115
48288399
48551310
49020081
48283779
48206184
48203442
48247086
48307557
48308028
48214608
48258357
48197151
48265986
48201789
48135756
48296376
48212253
48249597
48221370
48263925
48214476
48280533
48157008
48195588
48333918
48219126
48248313
48232431
48319617
48209856
48210939
48210909
48207309
48279279
48212643
48301386
48223674
48265335
48155769
48261897
48208473
48254616
48282966
48198978
48264981
48222999
48218616
48196215
48273543
48199680
48235575
48319488
48209787
48260394
48178971
48248091
48201186
48291429
48198909
48252468
48223284
48337410
48308742
48241428
48255597
48189003
48290646
48211452
48254868
48227865
48202713
48268437
48208491
48264681
48208254
48283137
48220206
48248541
48177336
48221163
48237156
48207444
48279240
48187467
48265989
48217365
48185025
48222390
48230076
48267168
48262773
48244116
48356760
48262890
48240456
48268845
48259992
48225207
48280524
48205164
48248232
48231069
48207543
48185265
48268209
48204978
48253071
48226332
48198819
48313833
48191751
48249048
48184896
48262185
48203385
48260868
48196005
49049229
48228540
48186570
48307110
48250143
48290160
48231471
48262458
48211935
48200268
48209169
48239496
48300015
48251766
48293943
48208452
48258615
48224733
48159840
48219096
48242286
48257715
48251853
48369867
48248340
48272139
48236865
48315165
48184149
48263667
48259740
48184098
48280104
48224316
48196053
48238371
48260133
48176964
48242244
48250488
48178317
48271959
48183123
48257508
48213921
48263997
48193167
48301809
48266781
48179442
48225864
48235968
48240780
48225414
48257946
48234300
48243006
48260400
48140520
48284082
48282681
48252117
48264681
48268545
48182496
48238200
48201327
48194895
48274197
48212907
48238203
48264516
48256755
48201288
48214596
48194211
48179553
48249444
48243993
48249420
48318909
48331839
48540486
48260529
48228960
48262257
48310527
48219312
48243873
48208470
48224943
48198099
48269076
48209316
48186135
48312789
48245466
48269757
48155844
48272994
48185982
48263304
48178137
48240870
48269907
48181839
48220029
48206535
48495762
48564831
48269160
48204507
48258585
48240477
48128004
48512100
48273918
48239496
48210375
48238383
48190896
48295077
48142341
48188943
48288237
48203829
48235647
48216873
48254685
48269292
48246132
48166302
48195702
48272919
48211329
48251499
48228795
48315558
48205785
48257271
48329715
48181593
48405771
48260148
48235413
48225264
48261399
48159618
48324306
48215994
48234300
48301071
48190878
48265347
48275700
49425195
48191646
48300390
48194895
48298752
48227139
48195789
48234798
48239220
48330747
48199968
48269445
48213807
48255324
48226239
48199257
48192381
48247494
48262056
48209889
48303285
48219963
48292431
48233469
48143502
48233916
48271350
48248394
48194772
48340230
48217422
48244260
48185727
48188892
48242064
48233970
48336837
48192372
48283764
48202839
48195264
48199017
48254829
48144015
48183699
48232869
48139659
48239403
48216219
48190257
48170685
48216831
48195960
48165645
48267957
48141591
48215433
48174966
48185550
48161043
48222534
48139188
48348015
48298833
48177372
48216993
48146694
48205428
48148881
48195324
48174459
48148866
48198225
48209451
48211251
48161820
48421398
48151695
48213738
48166188
48137070
48187989
48889923
49695249
48258159
48250032
48210621
48269520
48180186
48225291
48223500
48236631
48257661
48215412
48242679
48298044
48279432
48196680
48257625
48240384
48350928
48241749
48214980
48249000
48208269
48198753
48224319
48261939
48174159
48239859
48321249
48169935
48274575
48166416
48232119
48214509
48266418
48214938
48338793
48245415
48179004
48272145
48227454
48302829
48557952
49149177
48232737
48273867
48214191
48224586
48294462
48267546
48269292
48185130
48270567
48204714
48294054
48152487
48245046
48262659
48275484
48343998
48263148
48259074
48366117
48218532
48229380
48189222
48282645
48218508
48249831
51644313
52729500
50622522
51393222
49628979
48458859
48268353
48387948
48319929
48296121
48281190
48351207
48138654
48305859
48320532
48247452
48318603
48268485
48309786
48286521
48320904
48201078
48363450
48286512
48191229
48333828
48271095
48343284
48289041
48278976
48259611
48325953
48269397
48290703
49676727
48211281
48247308
48249855
48267852
48195366
48283761
48232920
48258936
48225348
48193461
48202173
48245220
48422655
48229296
49170564
48213042
48241848
48329403
48207684
48176952
48248364
48251442
48186627
48276888
48215802
48251859
48186990
48257817
48183318
48233535
48259899
48182169
48290316
48212637
48184320
48236421
48272475
48204399
48246543
48247839
48193242
48315333
48185508
48239604
48236259
48251487
48196347
48275577
48217587
48186930
48209121
48215142
48241215
48322410
48273441
48194892
48216975
48262701
48146682
48265674
48318603
48243636
48200220
48275556
48204675
48211035
48252726
48214536
48249432
48291171
48255846
48248796
48265116
48187275
48254661
48154686
48191679
48249237
48189117
48307770
48245643
48243411
48273303
48206757
48175764
48224985
48263703
48186432
48301926
48212835
48260244
48185529
48267624
48206229
48506622
48457308
48231375
48273993
48207687
48184119
48240342
48276366
48204402
48234207
48258849
48205341
48277950
48145491
48420186
48220896
48262512
48593097
48274887
48282195
48188817
48220809
48257952
48244668
48233328
48265620
48185700
48279111
48207858
48195372
48284925
48217581
48250764
48214083
48366285
49496679
49572297
49538733
49518897
49517691
49549323
49513224
49626714
49530177
49572531
49553043
49509309
49567299
49437528
49586394
49538367
49582437
49481979
49579827
48679404
48640017
48267141
48220134
48213606
48255480
48213735
48221451
48260175
48239697
48262041
48145080
48266640
48248412
48313179
48200154
48238971
48233676
48248685
48223773
48186729
48266046
48229233
48228897
48209745
48266937
48193194
48168315
48247503
48263604
48246363
48205536
48344346
48260850
48254133
48217317
48177960
48248544
48232839
48257703
48179739
48267984
48220851
48212718
48333843
48198636
48242634
48221280
48356343
48195936
48279747
48161028
48239886
48214023
48197823
48238956
48257862
48327192
48193920
48285936
48256065
48250977
48235320
48199566
48252129
48229425
48259506
48153720
48342888
48202749
48312375
48236148
48244722
48226383
48239064
48201555
48203961
48278790
48274779
48327150
48224661
48272898
48264990
48176841
48322662
48185265
48279801
48239664
48239097
48221670
48290478
48154014
48238656
48271296
48173571
48273858
48234171
48236679
48237405
48262017
48202245
48263223
48263556
48198042
48432000
48234513
48240624
48216507
48227121
48197595
48213630
48299868
48200769
48286317
48234450
48242445
48192897
48271116
48220788
48244635
48240480
48176874
48267030
48237318
48190686
48211584
48279432
48388830
48407964
48270588
48189747
48277269
48183087
48255897
48208344
48294606
48269142
48255930
48265290
48268632
48198498
48267870
48348396
48214119
48244317
48212334
48248376
48184089
48172827
49768425
48266637
48254724
48225885
48259440
48188472
48269448
48154497
48255903
48208893
48966237
49519752
49493703
49504818
49456272
49501296
49482096
49600296
49470519
49505544
48718431
48222708
48147528
48279726
48165852
48165015
48211158
48166857
48202821
48181524
48233439
48167382
48229080
48148719
48189042
48410907
48154437
48203823
48199602
48218670
48208476
48212136
48152454
48201489
48232674
48137121
48246696
48186591
48449766
48157416
48239520
48147207
48216819
48190962
48789114
50114538
48295020
48316329
48151716
48278601
48192687
48244953
48249855
48265002
48196563
48240345
48196119
48183507
48279309
48316599
48263043
48756906
48328065
48184716
48175752
48255783
48189069
48283869
48214455
48235617
48240465
48266970
48144666
48230070
48259563
48201900
48266892
48237672
48232272
48257493
48193305
48248331
48223692
48252927
48194427
48271863
48209484
48241683
48185829
48286278
48190425
48269010
48249255
48205737
48332556
48216804
48197346
48221736
48247017
48178926
48266166
48201732
48195510
48296781
48215148
48254298
48329871
48254679
48188238
48277593
48199635
48218568
48240177
51756816
52574865
51166797
50807025
49821306
49602354
49623894
49601358
49632447
49582062
49557846
49603590
49587999
49600254
49647327
49575876
49600851
49604493
49588737
49626813
49535028
49605834
49612398
49635936
49557864
49592331
49582818
49645785
48490155
48312648
48226116
48302541
48624510
49931907
48363861
48278709
48255198
48241242
48217074
48178101
48247956
48235035
48234906
48207306
48202179
48296412
48180399
48258801
48326571
48257073
48203043
48388518
48184302
48194916
48226647
48212136
48241563
48264279
48317085
48190326
48275934
48200835
48146445
48285081
48222477
48250848
48212928
48307143
48721872
48299163
48217518
48193506
48208266
48191676
48807504
48608586
48564516
48473700
48358686
48247602
48314679
48172248
48315675
48280947
48249183
48269061
48236493
48197598
48196920
48284019
48198861
48235287
48241068
48183231
48256698
48128973
48402936
48209772
48244878
48233874
48267945
48247704
48266868
48214701
48226101
48278715
48188304
48261174
48237465
48263235
48198489
48229362
48254715
48170343
48283743
48219486
48279015
48214062
48261321
48139686
48264099
48269019
48227247
48292305
48219306
48242277
48276360
48214851
48217248
48285471
48252804
48184221
48281637
48238878
48238680
48155637
48350094
48192375
48290469
48300855
48199269
48402678
48207813
48186984
48215511
48271893
48204465
48279621
48210663
48189684
48355050
48173676
48241431
48241782
48263403
48208074
48251511
48204933
48190107
48246855
48208947
48249645
48215919
48268731
48200556
48273042
48263280
48150261
48286842
48194916
48249357
48223194
48329322
48206535
48256638
48212547
48181962
48277008
48214191
48226458
48213837
48274203
48211035
48286596
48274092
48192792
48255858
48218895
48241362
48210372
48401394
48183801
48206451
48276489
48264633
48248688
48245433
48233934
48201819
48233055
48171339
48245826
48195303
48292926
48333507
48184419
48344496
48217611
48183789
48256710
48258774
48184650
48261576
48213009
48206259
48288141
48155679
48296880
48299298
48265803
48212379
48329871
48211347
48213888
48278622
48223929
48308988
48217866
48253758
48181722
48266826
48200088
48144972
48268965
48189744
48262827
48240492
48251580
48237324
48269694
48268218
48256971
48284625
48200202
48237702
48233406
48264579
48213690
48273171
48202020
48260979
48232725
48246285
48247719
48234363
48247554
48147906
48273777
48221577
48263886
48228327
48210318
48267144
48284880
48255675
48184917
48307392
48208671
48243930
48226338
48204141
48243210
48347361
48273381
48238731
48311988
48217740
48266115
48214818
48195387
48198417
48226761
48269694
48190812
48266517
48231768
48234090
48311703
48163227
48258651
48222057
48283773
48178638
48254091
48230514
48250689
48148566
48231474
48238227
48228174
48242913
48222705
48252732
49194579
48192048
48284457
48267582
48184134
48206313
48400908
48196770
48270771
48239175
48191145
48214419
48264222
48194670
48199839
48262755
48231690
48268872
48241926
48279063
48192954
48255801
48215145
48199869
48262281
48251340
48198048
48362241
48338988
48201999
48291840
48221637
48261642
48187335
48177246
48260073
48203685
48338040
48213885
48214989
48299205
48212238
48145422
48230778
48218313
48124140
48246291
48170916
48269190
48263217
48275217
48144651
48276621
48193119
48187443
48225315
48158679
48198960
48188739
48230577
48135615
48182640
48230979
48127047
48216192
48174834
48289392
48172245
48449169
48256611
48168528
48225705
48187371
48230289
48216963
48189303
48162279
48386097
48159138
48173997
48203484
48137865
48262821
48804183
49940187
48206298
48308991
48195432
48256818
48196200
48138318
48279186
48213183
48243135
48279669
48264060
48243738
48278856
48163287
48196296
48282354
48199065
48256401
48232689
48259968
48200745
48277011
48236385
48229917
48334107
48229758
48343008
48219519
48271827
48166620
48271854
48200457
48269094
48212433
48208869
48306513
48217503
48211113
48191883
48336552
48210960
48240819
48201288
48209619
48241263
48203559
48253371
48202977
48317697
48217560
48251205
48277806
48216924
48231153
48159393
48277629
48181527
48310434
48231111
48250830
48318885
48216870
48187248
48223590
48266430
48232959
48263205
51575322
52813086
51657300
50949924
49585041
48461937
48279714
48300306
48286065
48328194
48264447
48339903
48294048
48203040
48476316
48283002
48307509
48254664
48286593
48240492
48322962
48252858
48209124
48341007
48299127
48312030
48290748
48335217
48253344
48274371
48256152
48242820
48331305
48220956
49416849
48376959
48376128
48215340
48207900
48256032
48249057
48245280
48197571
48247671
48236046
48257007
48150648
48286893
48217002
48270756
48228786
48189393
48255204
48242265
48219840
48187452
48342102
48207549
48308241
48233952
48192231
48258921
48177645
48272373
48198375
48281043
48287352
48227550
48233355
48271599
48169830
48233394
48276051
48191661
48259554
48214557
48253266
48218187
48213045
48197016
48270270
48275286
48188424
48267579
48222003
48239310
48174195
48251391
48186678
48218151
48421797
48191451
48262833
48268638
48178773
48211548
48272499
48191829
48198975
48282504
48187455
48284115
48227949
48233919
48255207
48261282
48197979
48202512
48255549
48204570
48248472
48193266
48275061
48193545
48262071
48216102
48192288
48253662
48193194
48260970
48177906
48361227
48210360
48353718
48218271
48254397
48190665
48231675
48275352
48192777
48329334
48208686
48272274
48216891
48222234
48200508
48253602
48258063
48289068
48275433
48217527
48260430
48180771
48258546
48187053
48253161
48272148
48183897
48336186
48278337
48204168
48216561
48261174
48193137
48812307
48274578
48188901
48273171
48226752
48246828
48232068
48293541
48191967
48305613
48207366
48188826
48235773
48220884
48339960
48290484
48311826
48214062
48381822
48198372
48181248
48296328
48216246
48269784
48213126
48245976
48202926
48269427
48207108
48157860
48265620
48212580
48251808
48242874
48277866
48303132
48285942
48207102
48193401
48314394
48228459
48283917
48222447
48266376
48210087
48221667
48197625
48214704
48424329
49024866
48253359
48225588
48320874
48141981
48280104
48205248
48254679
48216759
48199389
48254394
48232488
48209154
48190023
48366012
48252669
48264408
48231357
48224391
48254409
48170259
48310434
48192411
48374034
48216813
48255459
48250485
48250500
48250674
48271506
48271605
48192471
48277569
48219939
48224076
48214077
48183045
48238911
48402495
48277797
48187275
48336042
48243570
48237873
48165411
48261339
48194913
48203424
48280899
48195183
48253998
48396252
48183738
48202428
48284772
48223215
48213696
48247545
48223197
48259938
48213516
48256971
48192522
48263886
48219780
48188751
48241974
48226182
48236910
48209862
48298527
48193383
48350661
48245013
48195573
48231006
48173823
48249237
48198276
48284973
48200262
48313614
48288102
48201525
48238590
48232179
48261612
48192819
48268953
48209550
48250686
48468447
48232512
48268473
48276573
48253776
48180051
48266595
48223164
48240885
48240234
48212733
48249414
48225360
48264951
48195477
49187229
49462419
49530180
48451326
48264216
48212823
48250659
48219423
48200805
48240444
48219546
48221040
48198057
48286416
48368931
48236196
48212370
48230832
48261774
48190092
48332826
48170061
48317328
48229323
48250404
48204795
48225369
48192273
48200295
48284598
48252249
48257406
48229434
48217467
48239841
48187608
48190566
48154626
48195195
48188316
48244050
48147786
48206397
48159363
48295557
48171153
48158439
48194481
48184881
48198309
48153528
48244470
48152592
48217896
48303927
48204489
48236109
48236310
48215742
48153708
48246975
48155790
48210489
48179529
48142443
48189771
48207627
48203853
48137406
48231474
48166548
48764211
48282402
48202641
48196323
48193911
48205809
48707034
50032353
48230457
48265305
48239970
48265227
48203115
48172632
48319125
48182634
48449511
48231879
48248358
48220335
48307086
48157176
48254913
48269454
48205572
48284973
48217119
48247161
48223314
48214818
48201858
48334662
48256725
48186756
48277938
48229728
48266568
48181197
48242562
48182205
48252777
48353562
48201624
48273819
48219573
48193158
48218355
48257727
48205575
48284295
48193791
48240825
48271974
48318210
48356733
48223080
48315024
48194043
48289227
48202524
48195705
48267822
48267948
48305799
48220218
48339858
48202830
48274350
48351537
48141561
48270276
48222054
48253131
48214833
48252630
51728472
52799442
49964124
51446520
49497051
48300048
48261585
48338469
48275811
48323094
48280047
48326751
48198993
48339168
48318087
48250002
48339960
48279024
48289959
48290880
48320601
48200637
48305718
48250434
48288066
48331257
48290118
48293604
48279852
48288798
48257655
48293634
48325371
48601062
49354602
48197274
48243384
48157677
48245649
48188772
48282468
48203757
48187965
48283572
48296004
48191496
48232317
48260793
48259689
48387018
48203100
48193455
48284205
48166497
48260547
48217206
48238767
48193395
48340449
48205416
48194199
48221049
48208500
48252393
48227118
48274764
48205992
48273801
48216369
48156129
48286506
48221589
48264519
48175614
48258255
48250074
48270714
48143538
48233127
48257934
48209655
48305607
48224274
48268785
48200874
48242379
48190245
48256518
48207219
48222681
48252846
48211215
48341049
48130848
48291390
48207834
48246348
48227220
48230697
48193743
48229506
48210879
48613494
48483540
48215970
48248664
48211806
48223047
48247212
48239877
48237420
48998847
49751862
49509906
48842154
48243852
48262740
48185163
48336042
48213498
48180819
48298275
48210225
48230724
48209793
48213267
48242475
48311934
48196473
48187104
48410526
48202845
48235800
48222246
48209244
48222012
48285459
48188109
48186570
48291783
48373695
48244647
48164973
48607755
48210471
48268413
48204552
48201753
48331869
48265932
48200451
48207543
48236832
48208074
48264438
48221046
48199095
48342858
48158823
48265887
48286131
48256845
48208674
48257874
48205023
48250593
48227535
48132384
48297846
48220455
48275100
48265140
48277707
48204525
48258513
48166758
48191589
48243465
48220269
48255444
48385386
48270765
48288750
48258828
48281070
48201153
48236898
48264111
48252624
48202107
48270795
48160347
48249984
48230061
48275001
48252741
48223845
48265749
48201993
48231762
48211878
48241215
48234528
48203502
48260646
48222048
48263868
48149307
48252621
48218916
48235974
48238254
48314937
48263037
48218529
48237504
48183387
48257031
48225483
48223278
48224226
48285582
48211449
48145701
48251838
48219471
48254616
48205086
48268275
48270375
48257931
48169773
48189714
48235431
48264468
48268023
48183819
48280530
48209232
48326670
48254064
48237708
48236685
48229257
48246378
48221532
48286053
48162354
48309777
48215154
48197520
48303897
48250548
48218976
48180282
48216312
48219804
48276549
48382731
48395016
48212826
48298644
48252789
48248286
48291432
48217659
48295485
48229638
48257925
48185664
48245712
48204162
48191568
48263241
48208515
48253500
48223527
48268779
48197325
48180837
48214836
48173823
48264495
48232626
48282282
48211377
48311889
48139482
48236238
48259461
48180918
48270684
48230214
48240666
48258381
48217776
48201237
48267621
48240597
48186849
48261240
48213924
48250077
48147276
48248967
48192852
48193161
48280731
48207591
48278646
48247905
48194724
48190590
48263343
48192477
48276867
48221517
48289932
48247341
48135753
48345624
48260475
48392100
48207000
48258576
48190635
48244971
48288741
48147252
48285975
48205269
48301671
48182772
48289077
48204621
48244542
48201171
48175209
48276765
48213912
48265080
48265944
48270894
48187233
48195015
48216909
48129177
48235467
48235746
48200589
48235851
48203634
48161187
48169959
48265116
48136929
48240648
48151512
48180069
48160545
48224466
48141498
48183627
48228378
48140628
48294858
48164670
48193527
48176157
48217863
48137880
48200349
48191979
48149853
48240105
48222909
48252531
48161394
48399351
48258183
48281895
48458067
48148131
48205860
48164658
48250374
48165372
48869259
50287272
49561890
49580745
49567938
49502547
49520328
49510551
49559412
49504212
49088187
48200289
48334773
48241485
48217959
48230103
48240876
48269682
48235284
48251679
48156243
48239634
48259689
48154494
48245088
48201195
48266286
48207984
48283122
48208317
48188604
48234108
48191610
48253398
48256992
48268329
48206544
48259086
48209325
48136314
48281856
48215493
48245661
48282195
48242058
48221862
48249327
48158220
48208743
48278535
48186909
48250887
48239394
48259917
48227235
48214698
48232569
48282888
48229560
48202797
48250593
48239580
48381540
48157059
48266334
48200673
48400044
48243384
48315372
52282041
52047990
50244990
51215061
48776562
48315051
48248337
48297681
48320427
48237078
48303789
48340167
48300510
48205596
48323829
48243036
48279909
48300258
48261903
48341436
48214656
48294753
48281220
48316581
48191478
48441405
48325308
48253338
48392955
48343848
48300111
48275421
48318474
48710190
48843132
48186702
48197817
48224913
48205680
48238131
48206880
48261015
48177132
48272349
48218499
48901746
49579722
49541463
49548531
49486662
49591605
49536885
49568748
49517511
49564479
49385580
48243873
48209847
48295131
48203952
48274857
48235212
48221004
48197769
48278388
48274635
48188328
48368706
48239373
48246597
48223983
48169815
48227379
48216465
48255216
48321918
48363195
48260604
48246366
48251283
48382461
48188697
48223023
48309225
48179646
48276468
48218925
48193464
48220116
48273723
48187323
48229425
48268038
48222372
48277287
48182052
48239121
48239571
48257682
48192657
48217101
48327690
48297396
48220311
48204396
48237435
48209934
48266115
48196098
48197247
48333960
48137025
48256323
48290562
48222204
48228078
48291360
48196545
48200721
48271161
48193734
48269208
48233559
48284607
48216318
48275745
48197430
48209232
48183447
48284256
48254901
48189915
48296151
48304299
48255903
48188535
48300549
48234084
48340920
48251448
48180021
48270192
48202470
48206049
48233418
48245808
48190764
48281187
48247287
48184296
48275148
48149289
48249342
48239481
48262509
48202056
48238455
48259050
48199626
48276921
48181818
48256242
48230577
48248457
48187827
48285786
48268035
48206427
48218637
48219714
48344073
48235161
48259374
48195054
48226464
48255843
48137547
48286548
48223830
48234564
48234522
48328704
48190314
48273942
48152226
48206214
48276750
48217011
48250773
48310758
48254577
48191976
48889782
48206994
48252258
48268014
49348455
48265767
48234060
48269463
48146937
48320397
48223425
48232962
48291354
48194328
48235623
48248796
48207213
48244062
48266055
48210387
48289671
48221985
48199299
48342300
48183717
48251709
48198684
48327309
48357783
48264942
48214815
48210162
48198960
48236148
48253806
48176364
48282576
48215430
48356460
48235572
48164970
48237117
48255615
48260205
48180225
48292401
48288360
48296088
48195105
48262713
48230697
48244947
48254184
48195210
48274668
48256131
48199599
48239892
48242544
48221085
48220473
48264123
48178500
48297333
48191466
48239598
48225126
48272100
48240366
48212565
48290544
48178686
48218742
48235491
48237837
48205185
48272370
48622734
48272946
48274854
48207603
48242790
48287856
48246210
48188586
48273723
48201888
48199896
48244614
48165459
48241440
48203427
48356835
48208164
48247707
48222183
48196512
48185313
48256203
48241047
48184077
48301104
48210648
48259206
48242388
48182721
48208035
48229161
48257883
48243303
48362073
48212043
48268632
48170952
48248763
48244161
48229497
48258048
48185322
48294594
48224826
48212526
48233796
48266457
48194559
48226389
48318078
48187932
48278634
48168030
48242055
48200652
48263592
48199272
48227214
48264159
48919887
48526422
48201855
48404922
48215448
48254037
48195618
48236466
48232689
48195345
48292707
48214233
48251877
48287439
48224274
48157953
48219882
48169317
48150564
48259188
48305022
48230679
48210909
48213543
48243987
48208791
48164451
48148350
49137105
48171921
48199308
48174519
48307272
48148635
48221325
48159783
48146439
48272133
48330318
48189312
48456390
48322296
48154260
48229821
48153168
48145782
48296823
48194451
48188487
48185682
48231498
48156375
48385278
48150882
48195585
48238422
48164364
48194073
48802791
49910799
48340473
48294801
48194337
48257334
48254499
48198243
48254286
48236928
48312282
48203946
48269301
48207294
48250542
48227742
48220176
48176469
48223296
48309003
48244122
48282909
48222219
48379683
48168240
48494133
48201009
48239421
48278922
48188592
48266220
48209370
48180606
48218088
48316845
48192006
48220521
48251952
48182067
48265698
48175869
48224385
48234336
48266139
48177651
48210669
48281187
48212079
48214293
48215784
48231600
48212076
48316875
48178191
48211857
48263088
48140472
48249969
48290592
48235656
48215967
48294618
48300891
48224550
48156663
48254415
48250644
48193017
48354033
51845295
52130850
50758290
51350640
49801071
49617486
49540947
49648860
49564104
49682823
49631769
49653990
49558683
49611948
49565391
49604433
49512414
49644402
48980685
48344256
48259305
48294336
48320886
48321807
48254043
48296553
48268584
48259524
48328782
48260355
48310002
48286065
48332556
49035189
48512961
48263577
48194859
48331080
48233580
48242676
48214185
48215991
48191913
48252096
48363417
48200541
48294198
48219216
48247080
48184281
48255522
48185892
48232941
48255291
48175455
48322950
48262926
48180813
48227052
48267192
48193182
48217572
48266301
48206388
48330087
48176136
48237399
48279120
48264384
48204663
48285237
48183072
48203898
48205170
48220527
48248154
48199845
48341058
48216420
48255678
48202299
48143145
48277161
48224739
48258141
48208500
48433803
48194559
48281622
48164394
48248442
48320058
48249318
48252174
48214974
48275514
48238209
48227148
48190551
50110674
49539831
49527039
49612833
49500417
49565400
49494309
49586229
49439487
49605213
49516824
49568676
49493490
49591116
49550253
49562358
49507953
49569138
49504797
49623054
48712854
48281133
48195837
48258534
48204732
48248907
48192912
48221940
48278622
48213645
48344535
48218781
48251040
48219474
48217836
48356913
48213885
48246933
48180150
48301929
48252948
48248172
48182262
48187029
48238659
48236349
48306195
48280047
48334479
48320349
48197301
48228765
48301728
48206154
48235080
48306351
48188085
48292449
48164064
48294234
48232149
48263418
48185424
48220155
48259254
48258519
48342834
48246477
48245559
48305661
48280959
48202479
48222900
48259545
48166347
48285060
48218700
48253305
48224853
48263247
48204903
48217998
48220860
48184863
48417153
48215334
48232752
48214311
48258342
48196554
48191256
48241443
48193242
48347973
48229020
48261981
48215883
48272283
48195522
48223809
48204675
48239592
48269973
48270084
48240474
48191187
48278337
48150585
48270048
48210072
48184356
48246747
48227811
48257844
48259782
48226827
48202365
48268032
48231051
48201567
48262278
48192711
48276792
48283812
48238551
48244776
48263418
48239208
48293763
48355152
48178170
48212388
48194454
48237192
48234345
48257523
48205473
48244410
48321405
48139560
48304506
48214833
48228972
48238677
48267522
48212148
48291699
48158229
48190221
48271470
48218310
48289347
48346359
48252537
48208419
48225741
48485934
48193344
48296235
48203739
48249918
48274092
48257481
48155883
48275370
48200082
48214896
48285981
48226668
48246789
48225009
48220566
48268566
48279912
48201654
48197808
48275760
48220353
