6468674
6399860
6366704
6038076
6068978
6052040
6063316
6027026
6025206
5826319
5697732
5723604
5698656
5727270
5700894
5701896
5506122
5412942
5455020
5424969
5445870
5424783
5421465
5288439
5165442
5182050
5163414
5159394
5163960
5154774
5196780
4924230
4919742
4931832
4920498
4924572
4928724
4920528
4936362
4731715
4710288
4718218
4706968
4707040
4712455
4711907
4705120
4627564
4534959
4544255
4559524
4521358
4569617
4623551
4557163
4529227
4411220
4329717
4332962
4342725
4329705
4361509
4418957
4335092
4333306
4249382
4212333
4296249
4247851
4163037
4163778
4177612
4170337
4170743
4152799
4041000
4013728
4050632
4017604
4020016
4027584
4055832
4016076
4017456
3966637
3870058
3867311
3937568
3911616
3867200
3867740
3893633
3870479
3868429
3866549
3872200
3737596
3742200
3732240
3735728
3745750
3530952
3797894
3739688
3802828
3644791
3609610
3607020
3642692
3661110
3666762
3612534
3630236
3652592
3607618
3630412
3531352
3508012
3494716
3524352
3491704
3493948
3492728
3519992
3506092
3497388
3496780
3454376
3385825
3382479
3392025
3388407
3421448
3413933
3424299
3389191
3388354
3388003
3392479
3281454
3287196
3464836
3310960
3281208
3282764
3279692
3289172
3279632
3282116
3283764
3288981
3183843
3187887
3187935
3188985
3187143
3183204
3186681
3233058
3187137
3182334
3186861
3184083
3135828
3094554
3246054
3411993
3181869
3096783
3092283
3094668
3100644
3094806
3094116
3092010
3169389
3009303
3009687
3006204
3029094
3009900
3006264
3311706
3129753
3491079
3101157
3091671
3094887
3119175
3011214
3006594
3009066
3027408
3113991
3055521
3010449
3021927
3017547
3011292
3012303
3174741
3174702
3384216
3062259
3095106
3113517
3096600
3028671
2924817
3025923
2925639
3097818
2926317
2924673
2994360
2925189
3036561
2925948
3384657
3113619
3161364
3097107
3120297
3101136
3082554
2927847
2925240
2997576
2925807
3097341
2927205
2996643
2927127
2925915
2927769
3227586
3014379
3082059
3426084
3023940
3095700
3093111
3095055
3092142
3100497
2928927
2925375
3098328
3133608
3042966
3006486
3010215
3007290
3391203
3101106
3098856
3163143
3127140
3093030
3094074
3095541
3076089
3005874
3010143
3006312
3122637
2928321
2926137
2927934
2925234
2987883
2928963
2924295
2927814
2929716
2928099
2925231
2928018
2925906
2935932
2931144
2956959
2954688
2931375
2980476
2924718
2928510
2924421
2929332
2928390
2925507
2927301
2931567
2982411
2931048
2930514
2930655
2936046
2930016
2930838
2931081
2935194
2956167
2954316
2979813
2928390
2935743
2931879
2930574
2930913
2933937
2925069
2927730
2923890
2927958
2983263
2926473
2928597
2925390
2932632
2927799
2977818
2924625
2927565
2932974
2925069
2927736
2979810
2931705
2925855
2928192
2925744
2927514
2933310
2925840
2927964
2931045
2931090
3037323
2926086
2980776
2930214
2925807
2927454
2925108
2927682
2930085
2928066
2925273
2981016
2932320
2925276
2927178
2925384
2928636
2931168
2925393
2977812
2927919
2982357
2928759
2981493
2927802
2925000
2930115
2928480
2925060
2928180
2929416
2928585
2925219
2927445
2980866
2931756
2928156
2925075
2927643
2954181
2953230
2928075
2925444
2928255
2929893
2979693
2927916
2924634
2932278
2928861
2924775
2928699
2925147
2929596
2928021
2925429
2954004
2957898
2980455
2925663
2928270
2925489
2932680
2925408
2927745
2925828
2931273
2924868
2979687
2928585
2925342
2950557
2930817
2930199
2931660
2937567
2930742
2981400
2928318
2981214
2930127
2924670
2927964
2924940
2931414
2928693
2924997
2931633
2925135
2931102
2982033
2927847
2925282
2932908
2926455
2928957
2978973
2924748
2930178
2928387
2925558
2928063
2987400
2926374
2928276
2925630
2928006
2932197
2925810
2928738
2924871
2931447
2926179
2980083
2929488
2979627
2933424
2925084
2980401
2927217
2931390
2925294
2927592
2925378
2981433
2929272
2927727
2924715
2928654
2934642
2925561
2928030
2925069
2979927
2929617
2928381
2981241
2928600
2936688
2931360
2930280
2930523
2936925
2927796
2925618
2986392
2925372
2984631
2927802
2925462
2928429
2929689
2979966
2925291
2927811
2924487
2930970
2927532
2980158
2925753
2932362
2925933
2928231
2925840
2927613
2928279
2927937
2925936
2928756
2984154
2931888
2980722
2925006
2927619
2931465
3037269
2925219
2927883
2932197
2928096
2924778
2982609
2981424
2937048
2930979
2929719
2982288
2932755
2931768
2981931
2928177
2924994
2984130
2929251
2925258
2928411
2933433
2930904
2930811
2930445
2931606
2934816
2931030
2983140
2928486
2930289
2925300
2928534
2977959
2928282
2933346
2925027
2928582
2925063
2957799
2957640
2926074
2928711
2924967
2929272
2928096
2924571
2927697
2930547
2928423
2925111
2979375
2978643
2930424
2928405
3010140
2923878
2934171
3032274
3150012
3152595
3193719
3098034
3091836
3095271
3092790
3073632
2925123
2928399
2925006
3100941
2928513
2924955
2980389
2935680
2931303
2930910
2930598
2929824
2934855
2930427
2931591
2928129
2929410
2979054
2929575
2925414
2928024
2933994
2981874
2924751
2928402
2930442
2930805
2928405
2978352
2925432
2930733
2928429
2924502
2928516
2930055
2928942
2925426
2927418
2925090
2932158
2981253
2980611
2928462
3217971
3226836
3105402
3106938
3198474
3101091
3097587
3130074
3033966
3075309
3006000
3010422
3006288
3013731
3009777
3007158
3129255
3014412
3066363
3067014
3006117
3009372
3013605
3005994
3008883
3006396
3014523
3011820
3011280
3065349
3013548
3007455
3009966
3006168
3061377
3016323
3011919
3012393
3012615
3014280
3064203
3009687
3005199
3016053
3012897
3012012
3012786
3006696
3015429
3013263
3011901
3063630
3067146
3007101
3009801
3006459
3008943
3012726
3010095
3006555
3009552
3016161
3065238
3009879
3069273
3014466
3007512
3009297
3006375
3009000
3065862
3006828
3010062
3061896
3012972
3006459
3008526
3006795
3013563
3010038
3006252
3009780
3006951
3014763
3061896
3007863
3006345
3012012
3037176
3033888
3006807
3013227
3009405
3005868
3008730
3061224
3015213
3012555
3013017
3012663
3012726
3010014
3006015
3009294
3005958
3014175
3061272
3064431
3011529
3016944
3014106
3011994
3013155
3010965
3006528
3010188
3006693
3063429
3013755
3006942
3009729
3006426
3013578
3009357
3006213
3061623
3011415
3006678
3063000
3006948
3005778
3010602
3009390
3006303
3008577
3019050
3012807
3012171
3012750
3070392
3007665
3006102
3009291
3063312
3011712
3009708
3006489
3008718
3011910
3009900
3061077
3008820
3005811
3016647
3009198
3006387
3009132
3010512
3009528
3006516
3009345
3094785
3033843
3006159
3009405
3006435
3011403
3008985
3006948
3009357
3011100
3006651
3062523
3008622
3014418
3010227
3006351
3009660
3006549
2974848
2978778
2928210
2924205
2985312
2926476
2928186
2924745
2927061
2933469
2925519
2927703
2925348
2930532
2928180
2925846
2982558
2925447
2933532
2951724
2956647
2927373
2931282
2925243
2927787
2925354
2928390
2984919
2929632
2925291
2927790
2930331
2925582
2928417
2924766
2928609
2930883
2928201
2981502
2927925
2932176
2930502
2931570
2930571
2931669
2931783
2925738
2927826
2925591
2932182
2981745
2925978
2928501
2924862
2935692
2931477
2930400
2982675
2930574
2924979
2928105
2980767
2930724
2925417
2928006
2925153
2930361
2929542
2925060
2927583
2924766
2932233
2981223
2928276
2925444
2927406
2984325
2928525
2924922
2927904
2929452
2925558
2927889
2949021
2957697
2928783
2928240
2925132
2927769
2931099
2928426
2977029
2928351
2925936
2933463
2998773
2928579
2925735
2932317
2925822
2928252
2924880
2928219
2933856
2926002
2927619
2980386
2932233
2931336
2929902
2930562
2930865
2933265
2982177
2927061
2924769
2933340
2979255
2925891
2928390
2924970
2929878
2928015
2924556
2927238
2929356
2928300
2925195
2927790
2981379
2933283
2924718
2980029
2926617
2929749
2932074
2929128
2930922
2924823
2932395
2978715
2928399
2924901
2932449
2928891
2924931
2928045
2924829
2931909
2925579
2927175
3029832
2931045
2927628
2925408
2928255
2925303
2933376
2925234
2927457
2925792
2984601
2928267
2978688
2927715
2925168
2930085
2928432
2925339
2928300
2982675
2925528
2928012
2924982
2980827
2929692
2928741
2925627
2927889
2928309
2928561
2925096
2927952
2924718
2932161
2980731
2927841
2924421
2984058
2926188
2928117
2925390
2927751
2929236
2928408
2924820
2954325
2958369
2925651
2927685
2925558
2927790
2929920
2927814
2924586
2927850
2931531
2982735
2979339
2928732
2931717
2928237
2926497
2928471
2925237
2930628
2927946
2925105
2927589
2985636
2928186
2928402
2924367
3038100
3193518
3009108
3009258
3009060
3037149
2928951
2980395
2927160
2926002
2989593
2980479
2961243
2955135
2940003
2930790
2929809
2930805
2984130
2939895
2930049
2981703
2928084
2929764
2928363
2925345
2927361
2924796
2937372
2931165
2981787
2927898
2929698
2928777
2925024
2927667
2925255
2932419
2925423
2927616
2977413
2987868
2928345
2928468
2924805
2932242
2924808
2927952
2924913
2928288
2931030
2924661
2981061
2927583
2933991
2925126
2927742
2925894
2927442
2981250
2929335
2925738
2927970
2929164
2981220
2928297
2925363
2928027
2931963
2926605
2927802
2924742
2931615
2928225
2925027
2980329
2929158
2930787
2977467
2924994
2927859
2930208
3033576
2927475
2924541
2927793
2987763
2926641
2928444
2924904
2931780
2926056
2927514
2924859
2928030
2932848
2977932
2978718
2925165
2932782
2925666
2983485
2925402
2984382
2933004
2931417
2930055
2931210
2932137
2980932
2928945
2924904
3190251
3217146
3121485
3350082
3103041
3125748
3098472
3098400
3098121
3120942
3009999
3006642
3010320
3069675
3006885
3008580
3006018
3009891
3126195
3010065
3005793
3129498
3017484
3012867
3012492
3012942
3016146
3012396
3012135
3065865
3008076
3011451
3009984
3006312
3008814
3014892
3012696
3006837
3011778
3064923
3063771
3005742
3009168
3007248
3011241
3009069
3006804
3008955
3013707
3013224
3012633
3062601
3008454
3011301
3009834
3006216
3008610
3064104
3006156
3009450
3005961
3013989
3064278
3009504
3005769
3009762
3013830
3006459
3009717
3006192
3013098
3007014
3009345
3059820
3014712
3063351
3011721
3012096
3006483
3010995
3009450
3006975
3009066
3009933
3063870
3006348
3009615
3012201
3009423
3006279
3009789
3006342
3013188
3006075
3062709
3060621
3013611
3006120
3113784
3375345
3129498
3164901
3097446
3092427
3095364
3057522
3068376
3009387
3006000
3016110
3006246
3009420
3083091
2933583
2925759
2928060
2925216
2980122
2933112
2925618
2927841
2925423
2931657
2932407
2930832
2927853
2924631
2930991
2981634
2925735
2978598
2932920
2925765
2928213
2927793
2925177
2932176
2925447
2927325
2924490
2985576
2927973
2925516
2927721
2924811
2930268
2928711
2925345
2929101
2982084
2926653
2978712
2928180
2925264
2933736
2925309
2928060
2926422
2931591
2928429
2925081
2927580
2979855
2930997
2928345
2924424
2928816
2931825
2978988
2926764
2926266
2928078
2931696
2925468
2981274
2924850
2930811
2928198
2925294
2927661
2925459
2936136
2924568
2928549
2925477
2984922
2928384
2979558
2926554
2928342
2932203
2928489
2924973
2927676
2931330
2928087
2979987
2927799
2929542
2928618
2925000
2928480
2925267
2930517
2928549
2980413
2924961
2988006
2926611
2927187
2925435
2927268
2928837
2929035
2924700
2928468
2929176
2927793
2924337
2981826
2927982
2986722
2928576
2924871
2980428
2929950
2928150
2925453
2930901
2929656
2986506
2928582
2925477
2927613
2930181
2928162
2925342
2927292
2924832
2931768
2924763
2981361
2928042
2984109
2930769
2930940
2930895
2932128
2936832
2931261
2931690
2931513
2934840
2981619
2924979
2927880
2925789
2932935
2925807
2928747
2925036
2933562
2978271
2927904
2979027
2927265
2931663
2925240
2928360
2925456
2930574
2980845
2927778
2925501
2928444
2986890
2928543
2925405
2928393
2931417
2980206
2926176
2928120
2925894
2931642
2925108
2953371
2955666
2930952
2928735
2924805
2928228
2925129
2932110
2924820
2928060
2924856
2931654
2979906
2979885
2927709
2925096
2934012
2925507
2928369
2924628
2931594
2925264
2928189
2980293
2925006
2930079
2927523
2979141
2925204
2933115
2924787
2927700
2977386
2927616
2986527
2928129
2924865
2928144
2930406
2925327
2928294
2925348
2928102
2933535
2926179
2927817
2981622
2932299
2926320
2928066
2925252
2984313
2926632
2927880
2924772
2927397
2931894
2978982
2929158
2925381
2932251
2928351
2925696
2927640
2924253
2933607
2956083
2967540
2980539
2985135
2926224
2927703
2925567
2927877
2931486
2925630
2927259
2926575
2932002
2924406
2982090
2925258
2928462
2932731
2925744
2927997
2925273
2934957
2977986
2925060
2928156
2978616
2949627
2925810
2928099
2925558
2934549
2925261
2927634
2925630
2928147
2929272
2981808
2926293
2927727
2928717
2928783
2977455
2928093
2925216
2935377
2930604
2931279
2959521
3045360
2925123
2927568
2925606
2928198
2933505
2929986
2930847
2930166
2932857
2928348
3035571
2981769
2925660
2930163
2928135
2925441
2928474
2931234
2931351
2924964
2927598
2980446
2934783
2925600
2928678
2924703
2983086
2927733
2925513
2980155
2925381
2931873
2978676
2927340
2927718
2931744
2925417
2928588
2925240
2928363
2929587
2928048
2925279
2930238
2985588
2924973
2927742
2925696
3014463
2952165
2927811
2925450
2928420
2931738
2925105
2981958
2982312
2933232
2929074
2925495
2927298
2925741
2931738
2928432
2925201
2928180
2984298
2979060
2928564
2924415
2927316
2931810
2931024
2930259
2931267
2938284
2931231
2984310
2927505
2924724
2934402
2924688
2927838
2925060
2932749
2925072
2980398
2926554
2927583
2986383
2928756
2925279
2929029
2930799
2925147
2927910
2924142
2927973
3478821
3075756
3094350
3093021
3103362
2996556
2981820
2929785
2935068
2930835
2931291
2925264
3109935
3121854
3246468
3104238
3160461
3139557
3100299
3097671
3025902
2990943
2930220
2931075
3153321
2987541
3013266
3009132
3005997
2966274
2987121
2928360
2925072
2929197
2928759
2980752
2925534
2928129
2924730
2932584
2924247
2927544
2925684
2983761
2981826
2925159
2981961
2925276
2930964
2928609
2925180
2927844
2929902
2925261
2928078
2925807
2928471
2984760
2926302
2928717
2925468
2983446
2928552
2924313
2927811
2925261
2929788
2929155
2924976
2979231
2934354
2931204
2931642
2928417
2924574
2932353
2925543
2928456
2925123
2930907
3034428
2926125
2928198
2925732
2933055
2925432
2927958
2925615
2932230
2925675
2927847
2978916
2928672
2930760
2925309
2927997
2926608
2930421
2954853
3007914
2925333
2928153
2929371
2982510
2925216
2928801
2930124
2925270
2927967
2924775
2928786
2930121
2928342
2926221
2981973
2932704
2925429
2928123
2980086
2925219
2929731
2927934
2925720
2928630
2928864
2982417
2925465
2928633
2925120
2931693
2925711
2927871
2924754
2932833
2930727
2931141
2960685
2950731
2933838
2925918
2928252
2924841
2930139
2928567
2925282
2927766
2925696
2930073
2980668
2926137
2928378
2932575
2924877
2928228
2925339
2979456
2931909
2925774
2927844
2978478
2932656
2925807
2926950
2924922
2928411
2936340
2931048
2930952
2931528
2933595
2985039
2929002
2925171
2932194
2977914
2925417
2927718
2925699
2936658
2931156
2930925
2929980
2985030
2928132
2925657
2927553
2931147
2933151
2925552
2983743
2925213
2934321
2925993
2999046
2926248
2928198
2928933
2928249
2925066
2927844
2928975
2925198
2927766
2925252
2980455
2934867
2924973
2928123
2925117
2931690
2925432
2953260
2952450
2927607
3006960
2926338
2983128
2927730
2931267
2928552
2951988
2953743
2925048
2932083
2925267
2928162
2924583
3038040
2929986
2925327
2980398
2927103
2933274
2925135
2928261
2924847
2930556
2927730
2979570
2926134
2928297
2935443
2931204
2930202
2930211
2995092
2925654
2927463
2925789
3031245
2931498
2927586
2925138
2928030
2931570
2930952
2931165
2927829
2924577
2935539
2930868
2979972
2928552
2935437
2930877
2930871
2930211
2930388
2982519
2928801
2925018
3130434
3090207
3346626
3245160
3092502
3106611
3099459
2956593
2927334
2980578
2982507
2930412
2984292
2924730
2934129
3098139
2926335
2927052
2930166
2928279
2925486
2927979
2924457
2985036
2927478
2927385
2925066
2935959
2927973
2924592
2928543
2927772
2928393
2928249
3032322
2927922
2929419
2928162
2925882
2927928
2924094
2933466
2925708
2928096
2925810
2931171
2981391
2925918
2928510
2925600
2932221
2925579
2980029
2928465
2930898
2928480
2924979
2980164
2927955
2930004
2928324
2925042
2928033
2931264
2931639
2929869
2931594
2924865
2985696
2928729
2924664
2980605
2929392
2927664
2924958
2928303
2924973
2931627
2925690
2958072
2952705
2931150
2925744
2927715
2924544
2928228
2929737
2928141
2925732
2927994
2983134
2982864
2925966
2927913
2925123
2935959
2931315
2930451
2931453
2929422
2928594
2924988
3033174
2925945
2932137
2925672
2928339
2925282
2932836
2981160
2927748
2925804
2928108
2982927
2928147
2925042
2928132
2931060
2924700
2927751
2925618
2927691
2935599
2930091
2932428
2981616
2931480
2980374
2928609
2924709
2932509
2931111
2931216
2931252
2929644
2932824
2983221
2928033
2925789
2932245
2928687
2925591
3037956
2924904
2935449
2924937
2980779
2983164
2934990
2928372
2924064
2928384
2925741
2986605
2925168
2929005
2924511
2933088
2954892
2953302
2925027
2928384
2933895
2931264
2930505
2979468
2928546
2928120
2924928
2927781
2978973
2930076
2928552
2925942
2928429
2930814
2928693
2924841
2928141
2924319
2933496
2982441
2928204
2924385
2982459
2925147
2928063
2925171
2928039
2934876
2932077
2930244
2984964
2930559
2928222
2924682
2927820
2930145
2932353
2925327
2927316
2925294
2986107
2928807
2981616
2924805
2928327
2934594
2930418
2930610
2930505
2932512
2925924
2927850
2924934
2980863
2930922
2928360
2925159
2928255
2931498
2979882
2925378
2928012
2925735
2934459
2983827
2924580
2927013
2933220
2928465
2925816
2927673
2924235
2935029
2931429
2930049
2932152
2984040
2926563
2979003
2928609
2924868
2937480
3038346
2926458
2984130
2932917
2925417
2981721
2928699
2929236
2928096
2987355
3239838
3194853
3158388
3382590
3056490
3092976
3122706
3098022
3015771
2928111
2930775
2929137
2925279
2928399
2930079
2936280
2925714
2981532
2925372
2988462
2925894
2927631
2925015
3099366
2937591
2924886
2927835
2925312
3135888
3029295
3009333
3009792
3116310
2961888
2927616
2925228
2928177
2988597
2929080
2979036
2925786
2987835
2925774
2928213
2925483
2926977
2933778
2925762
2927889
2924451
2985273
2925390
2928090
2925723
2928273
2934348
2931537
2930280
2930754
2933535
2980431
2925087
2982219
2925555
2930604
2928324
2925129
2927700
2931597
2924796
2927895
2924892
2928552
2982828
2926584
2928681
2924628
2933049
2925327
2980854
2925804
2983488
2933262
2924871
2980881
2929086
2931096
2931123
2930745
2928651
2925264
2982945
2925561
2927778
2925498
2957820
2957814
2977632
2925789
2928183
2934369
2931792
2930418
2930862
2932482
2925543
2928330
2979237
2927793
2930592
2927805
2925273
2928123
2932167
2930823
2931357
2982297
2924943
2986503
2925642
2929071
2924940
2934675
2931171
2930256
2931033
2931906
2928801
2925354
2982474
2925228
2932107
2926152
2927580
2925780
2983656
2928498
2925111
2927526
2925342
2931804
2982366
2925366
2978919
2931897
2928387
2925315
2927430
2925564
2934474
2930682
2931201
2982675
2930079
2978730
2928207
2925063
2927337
2932404
2930391
2931156
2930340
2936295
2981124
2928555
2925390
2930934
2933187
2925846
2929110
2925003
2933367
2982810
2925459
2925081
2981472
2930043
2928312
2925384
2927829
2930580
2930754
2930391
2930889
2927451
2932890
2981622
2925570
2928294
2931912
2931324
2981721
2924907
2927433
2933616
2931048
2930970
2983059
2931183
2925450
2927661
2924898
2928495
2936496
2930985
2930373
2931387
2930826
2957904
2952147
2980035
2925159
2932173
2925420
2928174
2925174
2933898
2925453
2928159
2925192
2980410
2930439
2928129
2925747
2928300
2930055
2925138
2927931
2924910
2980791
2933520
2979894
2926827
2927670
2932137
2930292
2930394
2930331
2930976
2929011
2928102
2924550
2981475
2933460
2924838
2928072
2925411
2980473
2932086
2924259
2927925
2925396
2934126
2931225
2979534
2928114
2924676
2935785
2930532
2931306
2930868
2934291
2925621
2927754
2924895
2984385
2981289
2925150
2928138
2925441
2934936
2930946
2930550
2930415
2935776
2931468
2983005
2928438
2925186
2934021
2929914
2931891
2930415
2932593
2925192
2978637
2928612
2948685
2960997
2926539
2928255
2925024
2931801
2928135
2925060
2927556
2928213
2933520
2932122
2981298
2926314
2933370
2931102
2930535
2980134
2928138
2929179
2927817
2925393
2928456
2987895
2927700
2928891
2925624
2928345
3034014
2928330
2925381
2928525
2929131
2928888
2979213
2980044
2924736
2935578
2930856
2930472
2930361
2931000
2928516
2924517
2927856
2924637
2984742
2929077
2924442
2927502
2931936
2931876
2930643
2930172
2981586
2932476
2925153
2981919
2925195
2931360
2928375
2925303
2928453
2925141
2936601
2930781
2931360
2931297
2987979
2928117
2925510
2927466
2925270
2983143
2927778
2925357
2927901
2932551
2931546
2930784
2978826
2927610
2930058
2928477
2925267
2927823
2929752
2925459
2928522
2924757
2928213
2988405
2980308
2925225
2927694
2932698
2931684
2930361
2930535
2925960
2935632
2930772
2978694
2928726
2931048
2928084
2925060
2927385
2929446
2931366
2983020
2928726
2924478
3097602
2926299
2927853
2925513
2935113
2925876
2927694
2925336
2978649
2929956
2928348
2979810
2982330
2933178
2925195
2928120
2977251
2924880
3246288
3023700
3455967
3077331
3123345
3100548
3097614
3002847
2933844
2925519
2927322
2930655
2927622
2938053
2932248
2931297
3153534
2935086
2928519
2925075
2927979
2924703
2929581
2928381
2924460
2928252
2932170
2982900
2927172
2927913
2924892
2930613
2928315
2925108
2927715
2983065
2925426
2927541
2978913
2928519
2933460
2925321
2928024
2927238
2931726
2930334
2930652
2929668
2930292
2932719
2981505
2926020
2928150
2949876
2978385
2924214
2927544
2930934
2928147
2924886
2928102
2981481
2930415
2928330
2925057
2927772
2931957
2931693
2930262
2931459
2925396
2934066
3012111
2952612
2925405
2932332
2932239
2930946
2930712
2931759
2936595
2931339
2931333
2958954
2958156
2930799
2931051
2930178
2931141
2931057
2929440
2978121
3160131
3217626
3023370
3249579
3158910
3123150
3100512
3097368
3098646
2948319
2990844
2928120
2925642
2981979
2938329
2931126
2930256
3077823
3076518
3014424
3006636
3009456
2970783
2932779
2930925
2980590
2928654
2932020
2928948
2925504
2928015
2924868
2930160
2928273
2925915
2928282
2986788
2931666
2931471
2931315
2930760
2990463
2928498
2925330
2926899
2930454
2926080
2982006
2928171
2925261
2934330
2930646
2931183
2929866
2935788
2981121
2925504
2928456
2953701
2959278
2931492
2930148
2930973
2933346
2928042
2924739
2928234
2927643
2934561
2930742
2982852
2925792
2932860
2982957
2927331
2925396
2931612
2930604
2928483
2924409
2980071
2989176
2932227
2929800
2930964
2931291
2932941
2927709
2925279
2928432
2930976
2928360
2995305
2927412
2925282
2987964
2927949
2924955
2928249
2930193
2924997
2927895
2925015
2927727
2986203
2929023
2925606
2927541
2932791
2930640
2930997
2981457
2924934
2932188
2925021
2980260
2928147
2929680
2928339
2925606
2928804
2924286
2936931
2930895
2931300
2925126
3000555
2980419
2928021
2925030
2983719
2930808
2931573
2930634
2930922
2937678
2931051
2956788
2953845
2933433
2925105
2980971
2927499
2927439
2929407
2928606
2924892
2928564
2983380
2981715
2925861
2928354
2926098
2932629
2925297
2928372
2925207
2931891
2931783
2930199
2981919
2928804
2933037
2925984
2928291
2924439
2931744
2978379
2927871
2924928
2927841
2984973
2926935
2928063
2925549
2932662
2928954
2924967
2928051
2925366
2932281
2925726
2927820
2979312
2932890
2925222
2980677
2925657
2928180
2930415
2929203
2926266
2980098
2929227
2981967
2926191
2928171
2924634
2931120
2927520
2925612
2927367
2930736
2925774
2928852
3032385
2926224
2930010
2928312
2924829
2928153
2980632
2928045
2925105
2928810
2925318
3011511
2958465
2927892
2925699
2931525
2925864
2927892
2977866
2925789
2932065
2925882
2928054
2981199
2932395
2925639
2927820
2925480
2928588
2931603
2924328
2928540
2925231
2932038
2981007
2928804
2924499
2979981
2933892
2928333
2925969
2927955
2928879
2928351
2927826
2979270
2928738
2929674
2927574
2925885
2928528
2936061
2931363
2930724
2931675
2930553
2985972
2982264
2926002
2927721
2930775
2924643
2928387
2931804
2935926
2931168
2930859
2930862
2982195
2933316
2925828
2927595
2925042
2931753
2925237
2981025
2925594
2928213
2931918
2979633
2925672
2927343
2929962
2927544
2925099
2927769
2924982
2929902
2928228
2925318
2927841
2985936
2929098
2977596
2928375
2925429
2930217
2928792
2926272
2928714
2929842
2926227
2981799
2927736
2926188
2932281
2925501
2927757
2925666
2931741
2925411
2927895
2977746
2981121
2932224
2925351
2928294
2925252
2933124
2928813
2924787
2928309
2925057
2930097
2952828
2957373
2926017
2932512
2925558
2927790
2924610
2980527
2932959
2928735
2925876
2928525
2983596
2927826
2928648
2925984
2927979
2929974
2928417
2925846
2928045
2930964
2926152
2981409
2928321
2925654
2984862
2928219
2924823
2928378
2928801
2928216
2924580
2927976
2978718
2987088
2925807
2927655
2925666
2931144
2927736
2925594
2928099
2924913
2988489
2928168
2981238
2981283
2934786
2928678
2925624
2927607
2925489
2929326
2927520
2925348
2928186
2983086
2927220
2928396
2924862
2928081
2930676
2979480
2926365
2927997
2930529
2925900
2981688
2925669
2927631
2933106
2923788
3034704
2925354
2938320
2931567
2930523
2927850
2954574
2956584
2924574
2978631
2925006
2983713
2928825
2925339
2928123
2931711
2928312
2925192
2980872
2925066
2933958
2925663
2928525
2925741
2931564
2927598
2924685
2927508
2980545
2986848
2927697
2925273
2928189
2930928
2931765
2931597
2927436
2925012
2933328
2930703
2984160
2928564
2933217
2931192
2930250
2927259
2977401
2931951
2928192
2925648
2927862
2932464
2979504
2926506
2927712
2978316
2932011
2925138
2927580
2926224
2933559
2930700
2931042
2982654
2927745
2984100
2928414
2925072
2927547
2932692
2930826
2930190
2931312
2925018
3044568
2928576
2924949
2928303
2930985
2931720
2930208
2930523
2925258
2935797
2980266
2925300
2982261
2932605
2925759
2927790
2928780
2925099
2929233
2928207
2925309
2927958
2932509
2980620
2928612
2924673
2927730
2934420
2930967
2978574
2928270
2930400
2925894
2927643
2979324
2933115
2929776
2931108
3189171
3192522
3154293
3387291
3060633
3095628
3116970
3093879
3035589
3096546
2937279
2931015
2931699
2930301
2954625
2962569
2925312
2927907
3010788
2955270
2927868
2925663
2928492
2931144
2937102
2931471
2931816
2978211
2933496
2984799
2927859
2925270
2927394
2930253
2927379
2925117
2927742
2932974
2930244
2930985
2931108
2979303
2935893
2930943
2930568
2931138
2986023
2928468
2925522
2928819
2925486
2936229
2983008
2925276
2928294
2932389
2931522
2931447
2927592
2925582
2934606
2932236
2930253
2984208
2931708
3234627
2936127
3257220
3156621
3096816
3091743
3095211
3098892
2966985
2980782
2929020
2924889
2938227
2931066
2931165
2931240
2935641
2930823
3099372
2926431
2982081
2960529
2954502
2928321
2925324
2934930
2931300
2929719
2927652
2982138
2934645
2955822
2957091
2925297
2932368
2926032
2927823
2979783
2925261
2935872
2930913
2930409
2931084
2986320
2930898
2931570
2925789
2927421
2932023
2925768
2928303
2925024
2934162
2931339
2983305
2924841
2979021
2933577
2931186
2931036
2930685
2934462
2932254
2930640
2925204
2981148
2936541
2930928
2930472
2930595
2933031
2932122
2931063
2925096
2979753
2928957
2928279
2981424
2928378
2936289
2930481
2930787
2930979
2931108
2935377
2931357
2930271
2924838
2984751
2927976
2927583
2925381
2928744
2986113
2927361
2924892
2927673
2930775
2931252
2978334
2928063
2925954
2935362
2930991
2930736
2928267
2932215
2925102
2928177
2925477
2988117
2984139
2979933
2924607
2928024
2932641
2930430
2928858
2924772
2933832
2925549
2928066
2981655
2927955
2932560
2925822
2928321
2925498
2931747
2924967
2928009
2977713
2925159
2986911
2927952
2924634
2928303
2929608
2930355
2931717
2925240
2928231
2929065
2928684
2954058
2949591
2933400
2928120
2925336
2980368
2928093
2932473
2930937
2924709
2927862
2929827
2982357
2925828
2928696
2924502
2935164
2930709
2930517
2930811
2931144
2928171
2924913
2981316
2979060
2932275
2925438
2928177
2925381
2932233
2925813
2928690
2924751
2928279
2986020
2928567
2928462
2924247
2933829
2930601
2924907
2927883
2925633
2985768
2925585
2927871
2978691
2932923
2931594
2930676
2930130
2928087
2932407
2930604
2930274
2931639
2934960
2980956
2929053
2924673
2928306
2933232
2979336
2928804
2925381
2930838
2927790
2925918
2981820
2928021
2936373
2930976
2930904
2931609
2935233
2931483
2930265
2930643
2929653
2934357
3032895
2925189
2928024
2933406
2931120
2931468
2927787
2925939
2934189
2930832
2930052
2982594
2932212
2925615
2927451
2930148
2930370
2930652
2928273
2977926
2927577
2930928
2980650
2925963
2927577
2930163
2925501
2927184
2925141
2927574
2933337
2931213
2930835
2984370
2933418
2928171
2924238
2928111
2979360
2931144
2925594
2928195
2925150
2932701
2929458
2979831
2928531
2925045
2933451
2930712
2930763
2930841
2933481
2930982
2931555
2930358
2981985
2986548
2925921
2928849
2924877
2934246
2931537
2930814
2928159
2925066
2933715
2983977
2925948
2925369
2934381
2925954
2928429
2925219
2928051
2985996
2925975
2925207
2927334
2983089
2927757
2927580
2924010
2927892
2933130
2926032
2927877
2925195
2931375
2925198
2982237
2928246
2924850
2931480
2979096
2925990
2927886
2932521
2930178
2930946
2929857
2982963
2930403
2927745
2925600
2927352
2930856
2931069
2930376
2931567
2931195
3047334
2981394
2978001
2927508
2932665
2930592
2929839
2930493
2930100
2986941
2925039
2982291
2928942
2988021
2932653
2930529
2931204
2924682
2937492
2930328
2956398
2954226
2933259
2925114
2982981
2926164
2933826
2925360
2928705
2925357
2928462
2935515
2931390
2930592
2931336
2989389
2929179
2924802
2928198
2977716
2935230
2931687
2930928
2931498
2930298
2930124
2931321
2980674
2927931
2932560
2930772
2930430
2930928
2929686
2928549
2925063
2927649
2925489
3038343
2926014
2927871
2925036
2932113
2959566
2953320
2925660
2927718
2933943
2931195
2982390
2928762
2930862
2931126
2929602
2929386
2928801
2933025
2981868
2924760
2928060
2988105
2927424
2928222
2925651
2928243
2933784
2931411
2930883
2931222
2932272
2925330
2928423
2980740
2924997
2935764
2957433
2951046
2927883
2929773
2925372
2927697
2925606
2927979
3037104
2925693
2982465
2929011
2933514
2931924
2930421
2931096
2983914
3203721
3266973
3109014
3162423
3142788
3099066
3097905
3025452
2994855
2929542
2925372
2928108
2930196
2984454
2925069
2928429
2924772
2934417
2955597
2959461
3043116
2987244
2928519
2925141
2981970
2926533
2932716
2925993
2927013
2925285
2932833
2931153
2930655
2931009
2930187
2934309
2979876
2928306
2925096
2984967
2925144
2927637
2925072
2927214
2934345
2931018
2930175
2982243
2935245
2924964
2927949
2925273
2928156
2948091
2930157
2931282
2931804
2935890
3033420
2925342
2928105
2925255
2934141
2925345
2926662
2925396
2931909
2925126
2927976
2955174
2952156
2929461
2927991
2924817
2927847
2932098
2930532
2978460
2924838
2928150
2933835
2981091
2924970
2928684
2931144
2930790
2931591
2931057
2931312
2931108
2928480
2925483
2981673
2986980
2930412
2983524
2926140
2928654
2929563
2928807
2925171
2928432
2935968
2984499
2925270
2928249
2926032
2935455
2931489
2931036
2931201
2934309
2926317
2928621
2978832
2980812
2934732
2924064
2927649
2924751
2933262
2925912
2927340
2924877
2928249
2935080
2983374
2924232
2927364
2984841
2924766
2927574
2924457
2982663
2931942
2983203
2925771
2981583
2932962
2926086
2928288
2925288
2933259
2926182
2927907
2924634
2927925
2932587
2957103
2955810
2924946
2932311
2978592
2925273
2927796
2925948
2931543
2927847
2925336
2928207
2986224
2925945
2927403
2924505
2927517
2932596
2931246
2930292
2930517
2930727
2977743
2982156
2925660
2927442
2934213
2931093
2931429
2930664
2935479
2925168
2928357
2925486
2981436
2933097
2925618
2928342
2925000
2932494
2930574
2980929
2927910
2925147
2932893
2924499
2978829
2928075
2929596
2929062
2925276
2927907
2924730
2934312
2930751
2931570
2925330
2988630
2926311
2927541
2977203
2927931
2931558
2928729
2924445
2928399
2929887
2925510
2981337
2925225
2928750
2929797
2953593
2956314
2924997
2933580
2925270
3185025
2963532
3458772
3134772
3094461
3095550
3076470
3028077
3004476
2927529
2925462
2934993
2925762
2980863
2928081
2925681
2935368
2930214
2931222
2930883
3107565
2928015
2928357
2925387
2933970
2980053
2928054
2924583
2927958
2932371
2930688
2926038
2927733
2929884
2931210
2930229
2982327
2927949
2958927
2953422
2927589
2925681
2932269
2924925
2927586
2925123
2927643
2985321
2925978
2927985
2925645
2934387
2931036
2930673
2931216
2928018
2933652
2983599
2925003
2978781
2931561
2928525
2924634
2927484
2925177
2935416
2931033
2930982
2931477
2936127
2982858
2925861
2928204
2925603
2931063
2925213
2978523
2926434
2933292
2925291
2928504
2979633
2924877
2929542
2928351
2925219
2928633
2931051
2931708
2930718
2930892
2930850
2988219
2926071
2927925
2979636
2931078
2930925
2931639
2930565
2931168
2932287
2925066
2928525
2980722
2931825
2926533
2927949
2925102
2928090
2928921
2927715
2925213
2928093
2981406
2980458
2928531
2924427
2927451
2930754
2927028
2925228
2928270
2930259
2925606
2928261
2977788
2928111
2934324
2931183
2931000
2927331
2984187
2926185
2924529
2928111
2928069
2933763
2981904
2925096
2927376
2932395
2930505
2930589
2931051
2927943
2936175
2930841
2930694
2982801
2929086
2979906
2925837
2927220
2928978
2928723
2925585
2928105
2925363
2935530
2984406
2925627
2928003
2930340
2930349
2930673
2930889
2928534
2928402
2927844
2978154
2953764
2958534
2925873
2927913
3052995
2924946
2934876
2925297
2927625
2925714
2932203
2925318
2978700
2927820
2924709
2988282
2926332
2953026
2954520
2931576
2930970
2930259
2931111
2981889
2930145
2927760
2924952
2928129
2932152
2931504
2929494
2927364
2930475
2935410
2983701
2927655
2977656
2929890
2928279
2925243
2929212
2924967
2936799
2930928
2931126
2925462
2983653
2926587
2928042
2925447
2928672
2929032
2927220
2925381
2928093
2983362
2927280
2980281
2925918
2926956
3010719
2925900
2928045
2925000
2932884
2928027
2925306
2929104
2979639
2932341
2928999
2925498
2928762
2930322
2977911
2927292
2925126
2927892
2929503
2954775
2952549
2925585
2933262
2925300
2927742
2924556
2928756
2932488
2924553
2928132
2925060
2985990
2953098
2954535
2924871
2936910
2931417
2930592
2930502
2930025
2936289
2930190
2981745
2927616
2931069
2925705
2928462
2925372
2928132
2933952
2931402
2981913
2928168
2983728
2928981
2925096
3230640
3195225
3153543
3385614
3052491
3092139
3123807
3098835
3085239
3007971
3013161
3007491
3008898
3127647
3013335
3011238
3012876
3011817
3068085
3070659
3007395
3009702
3006237
3014448
3006615
3009171
3006801
3009708
3013509
3005805
3062331
3060483
3015897
3012033
3012231
3011217
3014421
3058386
3006768
3008319
3006213
3067449
3006468
3008712
3006054
3012834
3009315
3006822
3008976
3010944
3062346
3005871
3061596
3009105
3010644
3009789
3006570
3009327
3014781
3005751
3009558
3005976
3014106
3063603
3008649
3006717
3009447
3013881
3063237
3006651
3009417
3012654
3011952
3012087
3062466
3009252
3011511
3009315
3006489
3009843
3014841
3012588
3012084
3010797
3017046
3065259
3059862
3009075
3006159
3015081
3012474
3012240
3038022
3043752
3007197
3008973
3060819
3015510
3012552
3012195
3012468
3013122
3016161
3012936
3062061
3006099
3015738
3064407
3006129
3009771
3011814
3009519
3006294
3009432
3006402
3011193
3009228
3005733
3063012
3015648
3006900
3009720
3006165
3067560
3012597
3011793
3010695
3012555
3017643
3063450
3009258
3006108
3014982
3013068
3012144
3008844
3006786
3019155
3012870
3012144
3063075
3066471
3008796
3006282
3009807
3011070
3009846
3006135
3009111
3006093
3017628
3063369
3009837
3006516
3014151
3012813
3012399
3012072
3011121
3059343
3009507
3006192
3063936
3011934
3009573
3006798
3009966
3011289
3006483
3008742
3005523
3009315
3014847
3063837
3005850
3064179
3015000
3059379
2968977
2927184
2930664
2928648
2925186
2927553
2983962
2931567
2926164
2928561
2925360
2933301
2925396
2928213
2924385
2927499
3116769
2982147
2980587
2927760
2929497
2928111
2925429
2928249
2925141
2936133
2930307
2945859
2957136
2962686
3073593
2929638
2925012
2927889
2996562
2927829
2924454
2977845
2993862
2925441
2981610
2925387
2933901
2928810
2925000
2928573
2925498
2933646
2931681
2930619
2930670
2987583
2931321
2931147
2930973
2980215
2931240
2928033
2924157
2927643
2928864
2928228
2979060
2925099
2928195
2934138
2931045
2931024
2928216
2930568
2930217
2927979
2924997
2927988
3038007
2925396
2927907
2924844
2934660
2925273
2927643
2925705
2928135
2936439
2932350
2981394
2924754
3012786
2928630
2978100
2929047
2925231
2936391
2983137
2924604
2927052
2984238
2925897
2927919
2925576
2927100
2931975
2925855
2928030
2924979
2933325
2927976
2979297
2925585
2928468
2931549
2925945
2980062
2924799
2931699
2924889
2928030
2924751
2927730
2983851
2928336
2925456
2928372
2930253
2926050
2927955
2924706
2928489
2929524
2927958
3031758
2929350
2932995
2930676
2931696
2928525
2925534
2929272
2928390
2925255
2927622
2983170
2925258
2928261
2925243
2926839
2936334
2931138
2931168
2982594
2930358
2928537
2924547
2981946
2981046
2932212
2925234
2927631
2925000
2932491
2927415
2925417
2928234
2933148
2980338
2925957
2928345
2925132
2984094
2924841
2928024
2924799
2934318
2930691
2931075
2983269
2924394
2932554
2924475
2928069
2925240
2931522
2928336
2924682
2927859
2925432
2933145
3032316
2927898
2925945
2932092
2928120
2925273
2928312
2982099
2933019
2930268
2928951
2981082
2931507
2924367
2928369
3059067
3130788
3288243
3350451
3098019
3092247
3104394
2982534
2924751
2927559
2933451
2926191
2928069
2924901
2928618
2933124
2931045
2931273
2979660
2931195
3038841
2928690
3095712
2926491
2935281
2925300
2928519
2924937
2933382
2984289
2925141
2982048
2925198
2934846
2931504
2930706
2930646
2935095
2925765
2928483
2985264
2925684
2935356
2930784
2930703
2928804
2929968
2926536
2927943
2925447
2927808
2933121
2978445
2927004
2925210
2930652
2927709
2925456
2927889
2982822
2928582
2925966
2927475
2979630
2932074
2928666
2924859
2927424
2929257
2931147
2930787
2930508
2930841
2935206
2983635
2924997
2927037
2931060
2978193
2927664
2925828
2928138
2928909
2928120
2925522
2928150
2985987
2925591
2927112
2925279
2928603
2933940
2931204
2931492
2931216
2929071
2928618
3032430
2924940
2929053
2928882
2927982
2925423
2928621
2930802
2930823
2930667
2928012
2981145
2929791
2925360
2928093
2925009
2931900
2925516
2980683
2926968
2925534
3034944
2979105
2925090
2924892
2931843
2925366
2927634
2924718
2927553
2929368
2927766
2924382
2928639
2984562
3187380
3193584
3121209
3237585
3104817
3093090
3095397
3092094
3110436
3050247
2925969
2925240
2937834
2925834
2927370
2926257
2928360
2932254
2925363
2983950
3121971
3014427
3006897
3009156
3019128
2934585
2931216
2930388
2928471
2924655
2932980
2924610
2979882
2924925
2935974
2932299
2930997
2931090
2924739
2984241
2927751
2926056
2927901
2984190
2925366
2928399
2925210
2927580
2931591
2925498
2927775
2924781
2933532
2931744
2983878
2924571
2927817
2929185
2979735
2925321
2928060
2929659
2925216
2927583
2924901
2927259
2985729
2925054
2927325
2925468
2931786
2925441
2927859
2925447
2927970
2931903
2978343
2981322
2925291
2933577
2980440
2925321
2928408
2928018
2933043
2925618
2928303
2924316
2985411
2980860
2924523
2926254
2928123
2931069
2928213
2978421
2925777
2932611
2926299
2927670
2979330
2927244
2932236
2925054
2927904
2925165
2932062
2928195
2925342
2928270
2925867
2983917
2928138
2924793
2979786
2932878
2931255
2930928
2927304
2935407
2985384
2926494
2981814
2924466
2932572
2925750
2927820
2925027
2931471
2928114
2925051
2928075
2924949
3011319
2952588
2925813
2927907
2930079
2925555
2927868
2924976
2928054
2944884
2928027
2925108
2979255
2933949
2925981
2928972
2925783
2928108
2983383
2928324
2925264
2927346
2929137
2981817
2925483
2928369
2924988
2931597
2928483
2925354
2928375
2929794
2926245
2927946
2978571
2925102
2932344
2979303
2925126
2927055
2931471
2924835
2928294
2924493
2928156
2928567
2980965
2925189
2928117
2929065
2928549
2925570
2928810
2925705
2933712
2925627
2979867
2978391
2932035
2925768
2928000
2930763
2930643
2935497
2931162
2930460
2930658
2934741
2983662
2927544
2924805
2928246
2933844
2931084
2931021
2979822
2929518
2928336
2924964
2927619
2978448
2931027
2927493
2925321
2927793
2928144
2928405
2925339
2927514
2925291
2935275
2981826
2982240
2978736
2932179
2928141
2925360
2927775
2925294
2930094
2928963
2928342
2979273
2932494
2925183
2927616
2925147
2928237
2932878
2925975
2928498
2925201
2982744
2981895
2927823
2925198
2932674
2927727
2924841
2928270
2925543
2935389
2930487
2931027
2929752
2986089
2931804
2930391
2930577
2930751
2932233
2978157
2927958
2924772
2986821
2925303
2981697
2925369
2927829
2933280
2930814
2927409
2925210
2931807
2927928
2925042
2927826
2979069
2932542
2925744
2978913
2925597
2932401
2925840
2927943
2924685
2928399
2930856
2925690
2979702
2928072
2930763
2926482
2928150
2925081
2927361
2928783
2927976
2977800
2927652
2984235
2928762
3008616
2926041
2927514
2931045
2978949
2928504
2925159
2932875
2925147
3090798
2959986
2927526
2997819
2924661
2927565
2978907
2994540
2927868
2925732
2927769
2979648
2933409
2927997
2925108
2927070
2930742
2924703
2928306
2925093
2928438
2933772
2925462
2980599
2924997
2984778
2924982
2928735
2924853
2927676
2929362
2928258
2925465
2928387
2986185
2928597
2925213
2928243
2924931
2931954
2925969
2927004
2924580
2956518
2952582
2980050
2927871
2933628
2928483
2924658
2927751
2924724
2932188
2924514
2927847
2925483
2931795
2980791
2925129
2927868
2924976
2931906
2979756
2928231
2924472
2932509
2926884
2927901
2979327
2927586
2930316
2928873
2925225
2927805
2931657
2925081
2928654
2926122
2927928
2984022
2925561
2977731
2925774
2932398
2925648
2928234
3035418
2925030
2934540
2929095
2953341
2950188
2933556
2930625
2931588
2931804
2931465
2985120
2928237
2925318
2978811
2933007
2980377
2927670
2925912
2927883
2932887
2925516
2927619
2924994
2930844
2928183
2924667
2982786
2931831
2935941
2932017
2930271
2982702
2930079
2928294
2925231
2927799
2926083
2985426
2928027
2925300
2928705
2930715
2928051
2925828
2930778
2930505
2932548
2925213
2927778
2984043
2986917
2926155
2928411
2926182
2927607
2933697
2925156
2928666
2925198
2936265
2981649
2927877
2925261
2928282
2932293
2924748
2927553
2925801
2931729
2980203
2925510
2980779
2925717
2932842
2924760
2928669
2925873
2931987
2925534
2927790
2925345
2928279
2933337
2980329
2924547
2928249
2930823
2925558
2977629
2928255
2930205
2931225
2931282
2930781
2982354
2932863
2925792
2927079
2925366
2931990
2982894
2926587
2928390
2925351
2932719
2978472
2953782
2925069
2933301
2928648
2924328
3182526
3193800
3155775
3387873
3055902
3095871
3119889
3098400
3085569
3006069
3017649
3010485
3006507
3071070
3073452
3006561
3063240
3010083
3063264
3014592
3006225
3009321
3005733
3016017
3012024
3011826
3006759
3339330
3013602
3159906
3102720
3096813
3108162
3093390
3076602
3008856
3015303
3007134
3065538
3006231
3014088
3006330
3009366
3006162
3008466
3012855
3006762
3009939
3006276
3068298
3062331
3006618
3008928
3010752
3007287
3009204
3006273
3009435
3009303
3009987
3060993
3009711
3013041
3006435
3009615
3006894
3009576
3013656
3061119
3005700
3009915
3064626
3006258
3009252
3006999
3014070
3009513
3006750
3008814
3009408
3010875
3009702
3063003
3006357
3011682
3009225
3059562
3007002
3071601
3006759
3009900
3005913
3033255
3048777
3012024
3011532
3012048
3016209
3012156
3012396
3013695
3012411
3007029
3034515
3092199
3006456
3011118
3009813
3006621
3009477
3012138
3006324
3009036
3006594
3038559
3044949
3006795
3009321
3007065
3013428
3007047
3008892
3005754
3065898
3007314
3088719
3033258
3006900
3015261
3006615
3009546
3007311
3015117
3012441
3012213
3011796
3038064
3034221
3009192
3006684
3009216
3064845
3009087
3007023
3008439
3011859
3006399
3037245
3034521
3010536
3005778
3009474
3005724
3009945
3013590
3007329
3009549
3006327
3041733
3085890
3006264
3009504
3011289
3010026
3006621
3009087
3006381
3016134
3011679
3040443
3034650
3013371
3006837
3009732
3006849
3009156
3010470
3061278
3010968
3006039
3045702
3033891
3007314
3009669
3010587
3009735
3006435
3008628
3007245
3011217
3009702
3035742
3031428
3015513
3006603
3009354
3059484
3013266
2954991
2924745
2927877
2924850
2932017
2981847
2925810
2928549
2931030
2931288
2928816
2927616
2924775
2932461
2925582
2928132
3032904
2930217
2924922
2928654
2924322
2927130
2933796
2931324
2931045
2930943
2935143
2983596
2927217
2924946
2928549
2929188
2927439
2924670
2927868
2983839
2928228
2925426
2956176
2949969
2929749
2927574
2925063
2928129
2929398
2924934
2928246
2924952
2928363
2934756
2982759
2924472
2927973
2929656
2983188
2925702
2928633
2925420
2929818
2927808
2924868
2982246
2931984
2925423
2928234
2925456
2927949
2931435
2925204
2928714
2983188
2930040
2981325
2979936
2928264
2925615
2930550
2928351
2924751
2928627
2930238
2925411
2927847
2924499
2979309
2932398
2925237
2927685
2925783
2932161
2928651
2977983
2928159
2926347
2932164
2979960
2924253
2927835
2928873
2927310
2924862
2928360
2925735
2936793
2930505
2930382
2982444
2932092
2925234
2928510
2977851
2925255
2928882
2928420
2925036
2927265
2930733
2925528
2980746
2925153
2932209
2928243
2925750
2927703
2924775
2931354
2925543
2927451
2924778
3017241
2925162
2928426
2925600
2927889
3012396
2954013
2925153
2927823
2930352
2925510
2980965
2927583
2924550
2931984
2928114
2925678
2927691
2929212
2980323
2925351
2928312
2979315
2929587
2928633
2925189
2928234
2931606
2986878
2928303
2924712
2927865
2928963
2927421
2979123
2926176
2931315
2980896
2925417
2924760
2928483
2934399
2931399
2930406
2931402
2984328
2925378
2928195
2925153
2927859
2935449
2931615
2930091
2931402
2936415
2931381
3034623
2928681
2977815
2930445
2928645
2979888
2924235
2932224
2925915
2928291
2925477
2928804
2985708
2925390
2927817
2924754
2931789
3108000
3012747
3009720
3014397
3028854
2928396
2980359
2924748
2935626
2931270
2927685
2981883
2933733
2928159
2956614
3009813
3006744
2992671
2931261
2930229
2982537
2932728
2927832
2925168
2978757
2928411
2931780
2924988
2980662
2929014
2929962
2925426
2928141
2925204
2927604
2930607
2927634
2925339
2928135
3035466
2925690
2928114
2924595
2927634
2931288
2925186
2927484
2925063
2934168
2924784
2928297
2979441
2928663
2929038
2927727
2925120
2928000
2929962
2979021
2927016
2924730
2928123
2985438
2928075
2925150
2927349
2928729
2927718
2924454
2928531
2925135
2934009
2930628
2983386
2927646
2932503
2931456
2980317
2924565
2927604
2932701
2925093
2927214
2924736
2930787
2979366
2928009
2924775
2927973
2931228
2928537
2925615
2928135
2930625
2925555
2979795
2980713
2929599
2927034
2925438
2928729
2924940
2932281
2927841
2925405
2928306
2929479
2979567
2925891
2927991
2925459
2932122
3250332
3194010
3121668
3193836
3102573
3095643
3095424
3121818
3095328
2970807
2924538
2928006
2989791
2925381
2927910
2924892
2934681
2981775
2984283
2926296
3086007
3013353
3008880
3006549
3007893
2932581
2925372
2928213
2978214
2925702
2931312
2928186
2924883
2928618
2928696
2928369
2925912
2927256
2925345
2983836
2981073
2927589
2924631
2933505
2925498
2927874
2925264
2931996
2924925
2928246
2924871
2980326
2931957
2925375
2928297
2924949
2932788
2927721
2976936
2925057
2928279
2931243
2980194
2925663
2928171
2929101
2925363
2928393
2925378
2927910
2934069
2930733
2931384
2930862
3038661
2925003
2979540
2927646
2925276
2932428
2925903
2928246
2927940
2992989
3139839
3088440
3007722
3009288
3012054
3009483
3006708
3016539
2929845
2925234
2976120
2980320
2985972
2925087
2927769
2925423
2928201
2929362
2928927
2925918
2927985
2928822
2928408
2979162
2927883
2925111
2935230
2930673
2929971
2951109
2956557
2928972
2925624
2928261
2978577
2930478
2928336
2925387
2928222
2934018
2930301
2930772
2930805
2927448
2930796
2924598
2981172
2926140
2984346
2980776
2928387
2924649
2928432
2932845
2926251
2928423
2924727
2985573
2927973
2925696
2928474
2924835
2933820
2930307
2931111
2925966
2935956
2980773
2979987
2927778
2924829
3033309
2927835
2924853
2928180
2929014
2928501
2926041
2928504
2925723
2985096
2925693
2927934
2924892
2931300
2979111
3030669
2927643
2925909
2983428
2930145
2979327
2928723
2933751
2931279
2931186
2930700
2931255
3190578
2966511
3484716
3018576
3118245
3094062
3094830
3095427
2961732
2929269
2925156
2928234
2925393
2929509
2928963
2978907
2925228
2932386
2925294
2927973
2925198
2927688
2934096
2925864
2927994
2980278
2984001
2925303
2928159
2924400
2931612
2925426
2927259
2925249
2927496
2931813
2925720
2928027
2981496
2929215
2925684
2928108
2925132
2980584
2928774
2927967
2925507
2928189
2944977
2980980
2924325
2928207
2925621
2934672
2925714
2927751
2925480
2931198
2927844
2924988
2980842
2928435
2983698
2928531
2925351
2928048
2929467
2925018
2927652
2923866
2927754
2983074
2925825
2928222
2925552
2933409
2925324
2928504
2927997
2925375
2984706
2979252
2925852
2980041
2929839
2926215
2928096
2924688
2928162
2932473
2925438
2927772
2925747
2932917
2980446
2925048
2928525
2925135
2929656
2928144
2980548
2924934
2932866
2925948
2927646
2979363
2927784
2929347
2928861
2924934
2927988
2929854
2925684
2927646
2925621
2928102
2931066
2982420
2977518
2927979
2930016
2927961
2925057
2928087
2925495
2928537
2929125
2924961
2981010
2983941
2925081
2927553
2924583
2982816
2933490
2925000
2927634
2977767
2930583
2981052
2927217
2927295
2925432
2933493
2925738
2928018
2925474
2930781
2927427
2925387
2955192
2954508
2931120
2924493
2927937
2925063
2984712
2925294
2927886
2925075
2927562
2928990
2979135
2927742
2924871
2929917
2925165
2928468
2925147
2933598
2925912
2927943
2924547
2981220
2931885
2978199
2927565
2925693
2931291
2927646
2925267
2927547
2925708
2934081
2979765
2983590
2925675
2932641
2924784
2927583
2924892
2927874
2930547
2954337
2951310
2925639
2986119
2928096
2927889
2925453
2928102
2929032
2928729
2925357
2927940
2928711
2925552
2981115
2928027
2925063
2932836
2926539
2979714
2927694
2929290
2980977
2926479
2928339
3089637
2936751
2930184
2930532
2930652
2937579
2925573
2927862
2925402
2928312
2930145
3008040
2954931
2979288
2932365
2925006
2928132
2925855
2928096
2935812
2930817
2929803
2928432
2984130
2926788
2927346
2925288
2927727
2933652
2931126
2930691
2931033
2983830
2926401
2980605
2928654
2924760
2937573
2931135
2931204
2930952
2934105
2927862
2925135
2927130
2979162
2931243
2928504
2924760
2928879
2982156
2925195
2928117
2924916
2928285
2929236
2928426
2978988
2927652
2930727
2928519
2925057
2928291
2928828
2931315
2930859
2930901
2930496
2987319
2980881
2925909
2927688
2931420
2931177
2930691
2930349
2924358
2932329
2926290
2980677
2927673
2929752
2925441
2928471
2925738
2928057
2934132
2930817
2981373
2925279
2932086
2979651
2928219
2924142
2927868
2929329
2928273
2924523
2927685
2931726
2925300
2927781
2978757
2928291
2932023
2925102
2927880
2980158
2928369
2928042
2925276
2927517
3227343
3308919
3107100
3162279
3104727
3125031
3092778
3064893
2925486
2991801
2926899
2928072
2981841
3099162
2939430
2925423
2927649
2925327
2931447
2982252
2928513
2925555
2928366
2984451
2928654
2925792
2928357
2930595
2928222
2924877
2927931
2925786
2985186
2925405
2981982
2926158
2931201
2927553
2925531
2927988
2924889
2935062
2931051
2930976
2931339
2932221
2981007
2925111
2928462
2930193
2982273
2925744
2928279
2930286
2990538
2928246
2924325
2980998
2932059
2928330
2925462
2927244
2925630
2930973
2927799
2924901
2928078
2982267
2978853
3037386
2924322
2928033
2933898
2930805
2930130
2931129
2934003
2928597
2925696
2928249
2978955
2934300
2925651
2928294
2925168
2991390
2928699
2925054
2978940
2982321
2931720
2980617
2927811
2925822
2933898
2928120
2925204
2927982
2924355
2930061
2929407
2925225
2981196
2929923
2928012
2925279
2956485
2954817
2934210
2925891
2927682
2924958
2932392
2979438
2927751
2981121
2928480
2930367
2928582
2924877
2928588
3033069
2926353
2928321
2925630
3034155
2935536
2930781
2930928
2930109
2930127
2928405
2925501
2927970
2925198
2936190
2981733
2928354
2925354
2930985
2928993
2925534
2927340
2924964
2983005
2927895
2924433
2981301
2932998
2925288
2928048
2924742
2932257
2928288
2925477
2928315
2925402
2934117
2930817
2981541
2925621
2933367
2931693
2978121
2925483
2927823
2928951
2928702
2924523
2928516
2982150
2925501
2927310
2924979
2927616
2933904
2931651
2931483
2930241
2935278
2931729
3033267
2925252
2927361
2928510
2929389
2925168
2927439
2930397
2925588
2927622
2925066
2981031
2936577
2930886
2930358
2931111
2935050
2932131
2930781
2982594
2925483
2935416
2930562
2981682
2924919
2931879
2925258
2928081
2924589
2928219
2931468
2928705
2925507
2927760
2985093
2928600
2925279
2980719
2980140
2929992
2928105
2925075
2927844
2928972
2928819
2979036
2926698
2925546
2935023
2930910
2930544
2930874
2931423
2925789
2927472
2925738
2927523
3037623
2925402
2928480
2925009
2933868
2925357
2928330
2925408
2926977
2932170
2924934
2981727
2925165
2931165
2928111
2925540
2928816
2925507
2963814
2950074
2927664
2925135
2984655
2928183
2924679
2927742
2925711
2932638
2925726
2928075
2925354
2932329
2928243
2949354
2956119
2924469
2929146
2980695
2924886
2928036
2935098
2930844
2931456
2930712
2928612
2988147
2925045
2927973
2925489
2930433
2929437
2925735
2928213
2924865
2932575
2924097
3032865
2926068
2932383
2925780
2927808
2925348
2932623
2928519
2925459
2927790
2925117
2985534
2926167
2925015
2928057
2931261
2930265
2925165
2927988
2979036
2932467
2925516
2927784
2979483
2932977
2925873
2927895
2930550
2927910
2933850
2931351
2924604
2928432
2929959
2980488
2925945
2927913
2949654
2957619
2928147
2926266
2927667
2930577
2927991
2925129
2981076
2928426
2929140
3185730
2937153
3323790
3184224
3094845
3092325
3084309
3015462
3114936
3010536
3006774
3008358
3012240
3009279
3007320
3009426
3012351
3006126
3009405
3001104
2988873
2927109
2925252
2928216
2925090
2931621
2979063
2924967
2927868
2928807
2979675
2925708
2925348
2927817
2932533
2928525
2924988
2928555
2929950
2925918
2928672
2924454
2982951
2931396
2925909
2979912
2924832
2932599
2928864
2924961
2928234
2923842
2930412
2981181
2925969
2927514
2928846
2927631
3037647
2927514
2925468
2937306
2925459
2928165
3032814
2933205
2931012
2930889
2931360
2982525
2933469
2925360
2928072
2925420
2934789
2958318
2957781
2929965
2931066
2935560
2929998
2931324
2978175
2930808
2928000
2924883
2927592
2978757
2936610
2930661
2931069
2930928
2930070
2928957
2925282
2928195
2925498
2929488
2980497
2927580
2926032
2985465
2927967
2924301
2928033
2925393
2935653
2984376
2926380
2981598
2931780
2925486
2928096
2924709
2927886
2937006
2930265
2931183
2924709
2933283
2979906
2980662
2924034
2931927
2925900
2927964
2924835
2927997
2933532
2931480
2930283
2924697
2984847
2931477
2931681
2928516
2925270
2932320
2925357
2979813
2924979
2933532
2930418
2983410
2926218
2928204
2931900
2931537
2930286
2931186
2934744
2931084
2930904
2928153
2925129
2987187
2928333
2978037
2924823
2992701
2926755
2981460
2925642
2982045
2931363
2928438
2980725
2924871
2933970
2927865
3232110
3194625
3145365
3383778
3047571
3096525
3096264
3127602
3070773
3009795
2999112
2992635
2928465
2925057
2927742
2931441
2928174
2926047
3008229
2956479
2932638
2930694
2927139
2924484
2985582
2926611
2928513
2925216
2928261
2984250
2927232
2928396
2924511
2932515
2927766
2925267
2927760
2924550
2935710
2930613
2979324
2927745
2929434
2977539
2928135
2924997
2927670
2933427
2930130
2931120
2930409
2935797
2981358
2929296
2925624
2928687
2932884
2931219
2930016
2931057
2933835
2929308
2979981
2979444
2928069
2935209
2931189
2931381
2927904
2929926
2925525
2927775
2924442
2927718
2985156
2925642
2928474
2924682
2934438
2930181
2982087
2925933
2924802
2932650
2924799
2980938
2924736
2930961
2928645
2925063
2928252
2925867
2931036
2981082
2924799
2928459
2985057
2982198
2928174
2977248
2927640
2932839
2926071
2927652
2925513
2934387
2930481
2929995
2981214
2928177
2934966
2931309
2931465
2930742
2932287
2928624
2924190
2927592
2978394
2985165
2928255
2925684
2928696
2932434
2931438
2928225
2925828
2928771
2935848
2930544
2932191
2981946
2932569
2925006
2927763
2924079
2932179
2980680
2923923
2927670
2924772
2933607
2982810
2927307
2924712
2935977
2927511
2925048
2928087
2924817
2933631
2931546
2930652
2981025
2932770
2978475
2927973
2924748
2927073
2930526
2928930
2925777
2928222
2930895
2958753
2950398
2927511
2924745
3033027
2928750
2928615
2925885
2934045
2925174
2979756
2927127
2980275
2934195
2925432
2928366
2924916
2933025
2931954
2931078
2930676
2929851
2936697
2982309
2927004
2927085
2932305
2928399
2924706
2980320
2925228
2933739
2925246
2927991
2978565
2933703
2925150
2927292
2925216
2927283
2933079
2930217
2925351
2927925
2930757
2929425
2980605
2925639
2980719
2930778
2927622
2924805
2929074
2929974
2925831
2927736
2925000
2980539
2930499
2928033
2925114
2928480
2932578
2931063
2931231
2930403
2980575
2931723
2981946
2925654
2925363
2933691
2931366
2925384
2928378
2925285
2931732
2928732
2925150
2927955
2983269
2928135
2925303
2927958
2926017
2985093
2928300
2925147
2927844
2932002
2931294
2980098
2927625
2925870
2934492
2930748
2930643
2930928
2931612
2928534
2925654
2980338
2986857
2926665
2980644
2924604
2927847
2933943
2930781
2930454
2930745
2930274
2928186
2979525
2927883
2924316
2934678
2931168
2930868
2930805
2934183
2928138
2924682
2980146
2925615
2987244
2931018
2930493
2929506
2934141
2925165
2927289
2924649
2929857
2933310
2930946
2981187
2928246
2930463
2925249
2928036
2976453
2927193
2933577
2925453
2928381
2925639
2986431
2927757
2927364
2925156
2927955
2933667
2931597
2931513
2931483
2935185
2928804
2925192
2980758
2978967
2946885
2925768
2928174
2925288
2933928
2931078
2929836
2930586
2932047
2985066
2928582
2924829
2927550
2931156
2931312
2927868
2925006
2927994
2984628
2925561
2980497
2928231
2933337
2931492
2930547
2930538
2931444
2932677
2925147
2928306
2924796
2961801
2949612
2927868
2924487
2928150
2935728
2981103
2925033
2928081
2930772
2925171
2927340
2980305
2927523
2928279
2927811
2925243
2928384
2933505
2931228
2930691
2930130
2931207
2986134
2977653
2925009
2928318
2932335
2931597
2931165
2931099
2931375
2936733
2931138
2981436
2928573
2931684
2931009
2931585
2930967
2935053
2924352
2927712
2978673
3037767
2934249
2981472
2928012
2925894
2932002
2928591
2924751
2928015
2924733
2988720
2982072
2925213
2981766
2935758
2931324
2931318
2930742
2978178
2934783
2930940
2930169
2930817
2935056
2982900
2927637
2925420
2927934
2934777
2931405
2931051
2931042
2934927
2931417
2929977
2982987
2927760
2982519
2928447
2925348
2928189
2932176
2930676
2930394
2930433
2927754
2934090
2980473
2928216
2925264
3038259
2928588
2925636
3365718
2940795
3056067
3093732
3092892
3096237
3031542
2925780
2927796
2925570
2932563
2932050
2931522
2931000
2930754
2932875
2981805
2925333
2927418
2930736
2930073
2980218
2928768
2925315
2934156
2931129
2930211
2983881
2933247
2925603
2929110
2925237
2927964
2933406
2929491
2930709
2930928
2934870
3036459
3006822
2926995
2927778
2936487
2930892
2930760
2930478
2935002
2930937
3075645
3108561
3267162
3322419
3094617
3094770
3092256
3022002
2928186
2924640
3353115
3213582
3097482
3095814
3091680
3112026
2926914
2928231
2925999
2928180
3173697
3383874
3044661
3092001
3104934
3093108
3050523
2987166
3100167
3006129
3005724
3009492
3015957
2967123
2980392
2925762
2927997
2930682
2925453
2928198
2925375
2932797
2931312
2931858
2930217
2981826
2985054
2925393
2928696
2925108
2932689
2925324
2927505
2925141
2927586
2936064
2930277
2981274
2924757
2935704
2927250
2925087
2928564
2925840
2931915
2978037
2927868
2924865
2985645
2926851
2925906
2927724
2924814
2984751
2925894
2928522
2925279
2985717
2925807
2981904
2928417
2925477
2929860
2955270
2952543
2925189
2933559
2925264
2927925
2925246
2952246
2962140
2926029
2927409
2924580
2933745
2930538
2930922
2931285
2931216
2933298
2925099
3032994
2925783
2957442
2956866
2925249
2928480
2929932
2931636
2931525
2930448
2927970
2986062
2925558
2928792
2924757
2931693
2927907
2925162
2927883
2978709
2929332
2928714
2979222
2927709
2930799
2925855
2928231
2925456
2928459
2932752
2931318
2925429
2928441
2929461
2980530
2928201
2925090
2929056
2984286
2928933
2925561
2927877
2934342
2931492
2930658
2981337
2925099
2930994
2929104
2925666
2928225
2930430
2928093
2925105
2928138
2925867
3011439
2952726
2928147
2925414
2933274
2931492
2931009
2931435
2930850
2932494
2929032
2925657
2980317
2930382
2925927
2927748
2924976
2927478
2928420
2979921
2925330
2928438
2931498
2982894
2925225
2928225
2958534
2933991
2930754
2930289
2931792
2933667
2924988
2927544
2980284
2925276
2932860
2926089
2980758
2925483
2932923
2931444
2931144
2928492
2931039
2958831
2950116
2927643
2925753
2933817
2930988
2927658
2925489
2927952
2931912
2924787
2927766
3007647
2930418
2928633
2983650
3342519
3272589
3098079
3094575
3091923
3094893
3124230
2956212
2927925
2925360
2934882
2931510
2931162
2931492
2985768
2928156
2925288
2928345
2979921
2934603
2925768
2927331
2924934
2932026
2925672
2928138
2924967
2927913
2930829
2981796
2927688
2925108
2932449
2981049
2924553
2927682
2925369
2933694
2930709
2931495
2984271
2930715
2928573
2925492
2927457
2925774
2930370
2928639
2924865
2927823
2930055
2957337
3005139
2927415
2924058
2936193
2931969
2930844
2924754
2932497
2928516
2924538
2928732
2980032
2931186
2925771
2927793
2925105
2932707
2928675
2977635
2926623
2928297
2933316
2983971
2927766
2924796
2932317
2931855
2930622
2930631
2924727
2935380
2930928
2930970
2930565
2985957
2928795
2924292
2978706
2924133
2934567
2930862
2930658
2931402
2931030
2925990
2981328
2925273
2927793
2929290
2928054
2925138
2927085
2983287
2926014
2927745
2924793
3032775
2935620
2925453
2928540
2924958
2933307
2930901
2931231
2931489
2929938
2934558
2958759
2950917
2928657
2932944
2928168
2924799
2927748
2951847
2958558
2924709
2927715
2924763
2984964
2927937
2924970
2928483
2924886
2936955
2930973
2931045
2923884
2930976
2928165
2978832
2928222
2924490
2985915
2925219
2927634
2925444
2933835
2929923
2929905
2930595
2985612
2928054
2928162
2924715
2928426
2932485
2929569
2928006
2924769
2933673
2931366
2981319
2980701
2925405
2930802
2984664
2928774
2925039
2932287
2930934
2931045
2930202
2925615
2985564
2928315
2924355
2982180
2929281
2925720
2927055
2978445
2928117
2933208
2930460
2983701
2924610
2934795
2931543
2930229
3039108
2925495
2934027
2928546
2925645
2927877
2960181
2950266
2927505
2977947
2928594
2987751
2925867
2927454
2925318
2933343
2925267
2927988
2981661
2927160
2934531
2931021
2930742
2930715
2934939
2926431
2927823
2925306
2979834
2987652
2925123
2927673
2925345
2933004
2931096
2930547
2926218
2927304
2936022
2931270
2983923
2928684
2930034
2928045
2925060
2927442
2927913
2985183
2925420
2927964
2926071
2931951
2981742
2924541
2928816
2924721
2935488
2981787
2928516
2924313
2934993
2925129
2927988
2981094
2931354
2931147
2977587
2927655
2925867
2932767
2925366
2927868
2925243
2932542
2979813
2925456
2928201
2925426
2935275
2930652
2931117
2931321
2935047
2930547
2982858
2953581
2954565
2932692
2925504
2927037
2925810
2933085
2925996
2928342
2924958
2928240
2930526
2980488
2928084
2925330
2932080
2925969
2927652
2978160
2927877
2933916
2931771
2931294
2983287
2930028
2925117
2927898
3183726
3231945
3144231
3167547
3105294
3092343
3122010
3075897
2925825
3047844
2989686
2931417
2929569
2931006
2923929
2932317
2925075
2928690
2978820
2992521
2926677
2928492
2924676
2928372
2930127
2928225
2923866
2928213
2981514
2962062
3027387
2926110
2930400
2932056
2928333
2924865
2927469
2931351
2931600
2930280
2928117
2981475
2934435
2930754
2927769
2925453
2932407
2980929
2925087
2927643
2929008
2927859
2980242
2929119
2925354
2932137
2925474
2927931
2924433
2933988
2930997
2930334
2930655
2982753
2930457
2925279
2978967
2924832
2932377
2931432
2930547
2931012
2930415
2934810
2924919
2979768
2928501
2929665
2930385
2931096
2930337
2930790
2933238
2925480
2979972
2925459
2984946
2927787
2925186
2927790
2926188
2930469
2927952
2980095
2925228
2932257
2924514
2981109
2924370
2928084
2932548
2926029
2928312
2978586
2933268
2928309
2924220
2927730
2978769
2932815
2925102
2928243
2931423
2932032
2930469
2930250
2930790
2930643
2931771
2925168
2979540
2928699
2984103
2925144
2928519
2925393
2931177
2936652
2931024
2930964
2924862
2985594
2927454
2925321
2927829
2924925
2933892
2930481
2931786
2930703
2935548
2978457
2979963
2928129
2925954
2935374
2924781
2927064
3191382
3160368
3381675
3067524
3092775
3107304
3094563
3020100
2924658
2927985
2933037
3095139
2929164
2925201
2931807
2927832
2979045
2926953
2933463
2927946
2924985
2927631
2925675
2933937
2930964
2926269
2927571
2928978
2982585
2954058
2949345
2927685
2933427
2931576
2930154
2931048
2935479
2925471
2928156
2979681
2926083
2930211
2928519
2925483
2929056
2936139
2925846
2928402
2977431
2928444
2984640
2928300
2925900
2927706
2929653
2931537
2931318
2925453
2927766
2931432
2926014
2927127
2979720
2932293
2925201
2928624
2925288
2980647
2931303
2925516
2927484
2924460
2933316
2981280
2927940
2925540
2928528
2932785
2927949
2925147
2927202
2930787
2929398
2930883
2981832
2927958
2983989
2927895
2924166
2927955
2929626
2925363
2927898
2924691
2927586
2987376
2926521
2928810
2924538
2932464
2928705
2925462
2928504
2925114
2959185
2956704
2925114
2980884
2931228
2928171
2925534
2927904
2925243
2987727
2925093
2927712
2925135
2933703
2981169
2927955
2924856
2927385
2934378
2980461
2928222
2925267
2933103
2925153
2928093
2978940
2925054
2931930
2925726
2928129
2925246
2933418
2931273
2930961
2930784
2930568
2933913
2979996
2978775
2925534
2932134
2925318
2927391
2925498
2928522
2932107
2925600
2927730
2982810
2930115
2928348
2925039
2927277
2929503
2927514
2924640
2927787
2978976
2932008
2983839
2924979
2928033
2930442
2928096
2926107
2927748
2925180
2932332
2926122
2927493
2950548
3011775
3006330
3009909
3005274
3063510
3011535
3006978
3009492
3006465
3013299
3009495
2954616
2928771
2925123
2931525
2924877
2928963
2925270
2934072
2929797
2932029
2931171
2981118
2982309
2925234
2927460
2925141
2930397
2928960
2925267
2928123
2924916
2933487
2980272
2926305
2928147
2983650
2928174
2924439
2928138
2931249
2932596
3041121
2925759
2980821
2933631
2928696
2925303
2928621
2929023
2928153
2924781
2927169
2924430
2932806
2925408
2979438
2928780
2931360
2925492
2954313
2953938
2924667
2932425
2925507
2928423
2925345
2988030
2926881
2924679
2927820
2924901
2931942
2927979
2924739
2927772
2930478
3038907
2979897
2979402
2925780
2935539
2925051
2928261
2925453
2934048
2925714
2928291
2980749
2952867
2961483
2930523
2930205
2931042
2951982
2930607
2930955
2930517
2979957
2934645
2925384
2980119
2928147
2932071
2930577
2930853
2925639
2928105
2933178
2931129
2930802
2930916
2989788
2932146
2931204
2930766
2930769
2986155
2925612
2927559
2925426
2932353
2929263
2983734
2925498
2928603
2936730
2930676
2931474
2928474
2930274
2925738
2927640
2924121
2928132
3035358
2928807
2925711
2928453
2931624
2928120
2924700
2928015
2948799
2962380
2927733
2978778
2928729
2930166
2927997
2925207
2927607
2931021
2931927
2981751
2927064
2925435
2985024
2929284
2925681
2927532
2929935
2926230
2927784
2925729
2927742
2933454
2930664
2930937
2981634
2929161
2928135
2925330
2979642
2925117
2933280
2931273
2930280
2930754
2989245
2980521
2981274
2984856
2925174
2934558
2931456
2929854
2931336
2935395
3239535
3196797
3126180
3419730
3060414
3092229
3095889
3092496
3052839
2928465
2924823
2928660
2935188
2980578
2928498
2925483
2928045
2937093
2958363
2956425
2925024
3104841
2929407
2924643
2980743
2933496
2925420
2928291
2925303
2927910
2934018
2931411
2930376
2930502
2935098
2979603
2928240
2924793
2928372
2982318
2926215
2924814
2927373
2932272
2931378
2931345
2930541
2979282
2932833
2924490
2928738
2924475
2932134
2931504
2930817
2931468
2925654
2933319
3031875
2928693
2925204
2932092
2927505
2924313
2928759
2925324
2934384
2930097
2931096
3031710
2933739
2928048
2925099
2927931
2925285
2934594
2932038
2979678
2927829
2929911
2983866
2924940
2927649
2924985
2935416
2930715
2930808
2930136
2932977
2928213
2925105
2927841
3002406
2965152
2930922
2930946
2981073
2931069
2925006
2927751
2924616
2928009
2932368
2980596
2928606
2924598
2933694
2931039
2925864
2928531
2925855
2930499
2928366
2925255
3035703
2933442
2925459
2927502
2924772
2929197
2933802
2931645
2930340
2931591
2935305
2924910
2981115
2925447
2928582
2934405
2931567
2930052
2931201
2984769
2928735
2924583
2927478
2981505
2930868
2929140
2924397
2927622
2932707
2931045
2931348
2931153
2927499
2932140
2980557
2924667
2928396
2931957
2980500
2927610
2925258
2932626
2931096
2931288
2930430
2954058
2958387
2928285
2925159
2928369
2933820
2928792
2924955
2927670
2924937
2932911
2927661
3032514
2925816
2932311
2931597
2930670
2927997
2924736
2935050
2931570
2931708
2930058
2987208
2927091
2925033
2927748
2925189
2933658
2931477
2978013
2928099
2930676
2931222
2981532
2928888
2925363
2933724
2932032
2930724
2930478
2929860
2925390
2928270
2924649
2928174
2984682
2926554
2927421
2976753
2932221
2931222
2931123
2930109
2930553
2929893
2928342
2979948
2925138
2933493
2925702
2928252
2924664
2931396
2930139
2928237
2925303
2928315
3036828
2928138
2924241
2928231
2924772
2935575
2931348
2931732
2930481
2933481
2930370
2931213
2979756
2927910
2934690
2930724
2930943
2930103
2931987
2979252
2928228
2925063
2928162
2984286
2925669
2928132
2924943
2932209
2930655
2925135
2927406
2925492
2984478
2928480
2979657
2927439
2929089
2980344
2927106
2928147
2924532
2935107
2931369
2930073
2930337
2987433
2928405
2924646
2927235
2924931
2935896
2931276
2931282
2931144
2933385
2925921
2980437
2980809
2930586
2925561
2927106
2925249
2928846
2932107
2928495
2925411
2928891
2928966
2983182
2924358
2928036
2925402
2934366
2930076
2931066
2979804
2932902
2925603
2928090
2981427
2968446
3220638
3150657
3178533
3100146
3126138
3096873
3092304
3070863
2931126
2985828
2925690
2927511
3097641
2936268
2930937
2930907
2930928
2934345
2925510
2928501
2979318
2928279
2933976
2931636
2930838
2930694
2931621
2925597
2927616
2925753
2927340
2984079
2981859
2925312
2928072
2932437
2931045
2930376
2930625
2931462
2932998
2925204
2927847
2979264
2932917
2928606
2925099
2927898
2930220
2934135
2980743
2924076
2927817
2928714
2980713
2924736
2927454
2924499
2934018
2925783
2928087
2924883
2932518
2931699
2930385
2931282
2979297
2932239
2977599
2925093
2928231
2932767
2931366
2929353
2931789
2930118
2935212
2982600
2925645
2927853
2929569
2926182
2928045
2924802
2927985
2933736
2924412
2979273
2979732
2932365
2925378
2928501
3039672
2933154
2928543
2925423
2928279
2925597
2931249
3033528
2928168
2924733
2932971
2981268
2925993
2928324
2979813
2930598
2925093
2928144
2925708
2986866
2925468
2927757
2925297
2928753
2933406
2930133
2930952
2924754
2931828
2925309
2979915
2926440
2927508
2986458
2927649
2925564
2927799
2930637
2931057
2930508
2930478
2981241
2931195
2924763
2928051
2924889
2932281
2928714
2925021
2928018
2924832
2987490
2950617
2953851
2928213
2931435
2930850
2930757
2931402
2931495
2933655
2925315
2928342
2925198
2985648
2925816
2927601
2925261
2928138
2929581
2980800
2927385
2925327
2935326
2925414
2981073
2928258
2925558
2929593
2927628
2924700
2927835
2931309
2930163
2932233
2929983
2984769
2933610
2928072
2977641
2924595
2932548
2925786
2928798
2924991
2928423
2935335
2930538
2981514
2925450
2931921
2928297
2925750
2927883
2924949
2935134
2931237
2927625
2978715
2984673
2926089
2927778
3228741
3305727
3111972
3170385
3101883
3120315
3096099
3032517
2985915
2925609
2933844
2925276
2927640
2924601
3104889
2930352
2925573
2928243
2925048
3041706
2928669
2925642
2928039
2930355
2925714
2927583
2925300
2928498
2935626
2931576
2983770
2924787
2984454
2926146
2926788
2924190
2928027
2933667
2931135
2931348
2985324
2934522
2982720
2924142
2927784
2925645
2934357
2931699
2931066
2931117
2933913
2978001
2927928
2980827
2925345
2935443
2931114
2930778
2925099
2932824
2931348
2930748
2930820
2931330
2986845
2925660
2927964
2924895
2934378
2930787
2981655
2924757
2927001
2935350
2931588
2984673
2925339
2932083
2925309
2927526
2925456
2928225
2935395
2931348
2930286
2931375
2929056
2979801
2928780
2978358
2931813
2925813
2928198
2928033
2981853
2930370
2928384
2926113
2980914
2933301
2925105
2928003
2924991
2927829
2930115
2925258
2927976
2977608
2931789
2979693
2927619
2927547
2925255
2933316
2931609
2931654
2931222
2935284
2931516
2929824
2925504
2980491
2932503
2982003
2928696
2925450
2986032
2928474
2925393
2927424
2925528
2933835
2982357
2924856
2928048
2930841
2927919
2925333
2927469
2925450
2931396
2926068
2928126
2980137
2929713
2978505
2925225
2927628
2925327
2936529
2931198
2929605
2929935
2934909
2952837
2954403
2924883
2927709
2933142
2930586
2931747
2930049
2935662
2926560
2978832
2927610
2978826
2932551
2925210
2928282
2924388
2931687
2926623
2928567
2925285
2927496
2934630
2983443
2927211
2925003
2931807
2928027
3031953
