17010573
16833648
16643598
16746063
16569591
16407639
16759596
16829445
16478916
16613052
17165127
16690512
16314636
16755513
16924815
16459125
16667781
16977291
16534602
16355649
16855416
16873239
16148883
16047456
16201788
16117593
16050258
16151898
16037460
16100559
16169268
16102485
16025196
16109331
16090326
16143942
16030287
16164651
16065318
16051875
16106655
16079322
16075257
16072131
16158246
16033818
16136217
16070562
16121532
16029993
16065999
16094766
16108950
16053771
16169850
16032852
16197288
16081839
16147497
16031613
16095357
16130964
16132137
16028934
16088184
16139361
16060476
16113834
16080429
16059336
16095012
16117368
16097556
16077729
16062009
16158711
16048947
16513983
16658538
16451460
16040301
16068840
16086561
16138920
16065258
16149798
16030872
16190148
16048428
16156377
16044783
16124196
16108539
16081413
16079601
16087752
16117416
16057866
16092168
16100250
16082751
16083651
16155270
16031511
16053342
16136874
16138860
16036572
16066200
16111119
16144314
16058319
16100325
16087476
16142649
16049316
16163433
16024482
16127838
16120173
16049832
16102335
16066044
16214781
16048422
16091661
16087638
16103601
16083834
16085703
16082703
16068579
16082259
16146294
16037661
16104372
16102806
16193943
16057179
16089489
16077582
16138272
16054725
16170414
16047798
16102044
16082244
16097865
16180725
16034172
16173780
16052955
16088511
16038897
16140537
16089153
16092174
16068108
16084227
16083621
16139766
16231110
16187934
16132644
16211715
16035303
16091652
16104408
16137345
16101243
16123119
16070046
16111188
16089042
16066824
16110558
16051317
16138077
16057326
16098171
16577307
17153019
17311239
17238327
17334789
17131245
16797579
16672707
16516776
16409415
16671987
17486283
16554195
16452366
16369257
16296420
16324884
16123803
16023744
16503282
16940226
16454133
16097298
16086312
16126080
16134513
16042734
16111095
16027242
16219776
16042128
16113459
16077474
16161843
16098591
16156191
16031844
16093455
16145145
16164846
16043022
16155162
16113858
16122729
16100409
16147596
16141020
16065486
16173690
16064790
16080120
16144032
16106265
16033047
16066311
16191717
16091805
16034259
16150869
16110903
16161825
16046463
16183395
16058358
16144467
16167771
16098480
16018083
16177194
16194333
16084380
16087263
16134132
16098000
16057392
16199172
16030587
16086834
16154577
16119501
16044477
16067838
16195587
16090002
16033308
16134426
16093488
16174596
16161270
16130880
16056693
16115850
16131852
16112952
16013619
16138044
16118061
16054428
16196802
16076478
16126668
16281462
16714893
16161924
16313976
16094811
16141650
16044102
16054098
16139832
16054899
16034742
16093767
16110105
16113699
16043766
16162464
16032312
16244265
16112004
16152834
16037769
16131696
16112745
16085361
16051518
16028958
16199787
16211286
16048434
16066515
16112301
16054986
16158345
16044318
16059585
16104060
16121259
16029012
16087293
16125048
16122840
16546509
16852443
16234932
16180107
16026204
16130748
16021347
16159038
16101861
16098543
16082784
16106697
16154880
16030389
16080888
16092894
16157397
16044387
16437192
16307844
16129713
16230519
16141770
16145886
16350780
16129059
16120689
16051344
16251747
16372557
16108770
16204506
16332264
16064016
16306353
16047189
16274811
16314237
16144977
16160379
16137129
16428039
16366395
16073151
16195893
16136574
16137810
16085922
16045836
16128120
16064259
16101090
16044717
16120368
16034814
16119897
16094604
16078335
16051770
16145418
16115967
16178211
16032474
16149102
16088754
16113078
16093497
16097664
16074858
16129524
16091763
16020483
16087827
16145799
16058847
16033875
16101468
16125237
16111896
16037703
16099677
16038252
16104387
16105476
16060797
16128390
16127097
16096059
16104159
16039770
16182432
16132953
16127634
16027341
16160646
16083882
16132404
16142424
16015275
16103067
16087632
16142613
16045155
16080663
16116372
16106679
16090821
16103367
16037958
16117083
16050225
16104609
16032354
16148817
16115700
16135356
16030782
16114362
16137906
16116177
16040214
16174302
16064955
17075820
16572021
16071036
16101780
16054854
16141752
16039971
16053492
16206480
16109037
16029699
16212537
16111023
16156443
16037043
16112358
16040499
16131411
16038126
16268727
16309338
16117287
16240923
16120611
16215819
16319502
16049775
16251435
16056723
16261662
16326384
16777104
17206506
16573731
16135503
16225272
16093959
16246023
16331664
16102044
16220751
16228020
16850520
16455612
16100172
16151397
16653567
16107042
16178928
16159593
16499964
16790985
16450071
16200675
16269396
16864938
16395636
16161309
16918713
16541334
16190730
16153410
16409865
16060029
16238031
16051938
16348461
16325088
16125588
16912341
16577760
16096314
16460721
16066617
16241223
16301553
16192443
16117479
16105392
16511310
16202976
16120020
16220850
16241073
16136994
16421628
16193310
16196739
16359744
16950012
16362978
16326153
16153485
16249743
16045773
16255674
16304040
16159260
16171425
16085814
16264164
16186578
16049340
16168755
16047093
16137987
16112937
16111881
16035678
16088313
16199532
16044732
16098906
16100433
16112877
16069413
16083366
16059621
16136592
16044783
16128552
16366482
16891422
16527168
16067058
16033515
16062435
16122105
16112541
16039806
16158198
16102122
16127925
16043349
16142220
16046463
16131144
16116219
16110663
16013742
16111008
16104858
16047801
16060812
16060506
16120917
16064709
16172223
16034478
16129374
16053393
16104486
16027020
16158648
16144869
16111794
16026090
16117242
16132185
16110087
16045485
16131699
16037637
16141803
16115268
16095768
16044621
16073034
16137594
16061583
16080147
16097409
16138086
16039206
16098468
16085235
16094184
16064061
16113597
16029087
16073601
16083276
16176192
16037547
16117662
16124397
16170990
16029048
16158567
16090149
16131954
16048860
16118193
16065225
16077600
16135773
16059252
16101126
16039044
16199325
16047357
16099377
16113846
16086813
16045230
16082928
16090197
16090206
16088010
16147299
16026318
16110090
16207428
16189458
16032852
16102428
16207992
16152816
16061367
16117026
16080114
16084131
16091475
16092030
16077462
16040670
16225929
16048167
16084704
16099068
16085001
16049814
16068300
16088166
16087680
16831182
17148507
17042382
17304264
17249157
16826226
16749222
16724790
16425792
17295579
17104365
17275683
16403400
16348395
16453464
16173459
16084497
16073919
16113105
16143441
16036281
16117959
16105002
16145745
16086156
16177644
16055868
16137120
16081650
16192176
16012503
16090776
16183503
16055814
16070916
16389579
16128564
16055892
16191651
16073337
16075935
16054587
16148109
16072035
16071354
16196271
16103724
16030755
16169802
16070928
16174146
16119291
16212135
16090197
16150803
16138368
16103232
16025091
16171620
16185453
16029801
16160361
16070769
16134810
16040124
16203672
16056360
16162920
16121478
16047012
16013892
16139280
16129296
16095492
16139550
16150476
16127811
16117206
16096209
16146132
16023477
16228284
16038993
16156974
16023069
16146363
16152972
16041429
16099947
16096146
16154916
16114791
16109430
16100283
16119075
16130313
16115025
16021887
16112847
16083837
16138791
16691511
16434789
16548318
16335276
16030620
16252662
16073853
16189662
16040802
16146561
16076388
16117146
16099674
16077390
16060152
16062654
16161828
16045197
16064508
16121403
16121808
16043910
16087305
16098642
16100271
16034880
16065522
16020585
16107579
16114887
16629894
16721127
16198446
16275195
16121088
16030926
16154874
16072569
16229523
16032909
16211619
16074966
16087113
16134240
16033362
16078506
16135737
16092540
16094625
16086042
16132584
16103193
16067223
16127742
16104276
16128885
16047519
16116249
16045875
16125591
16095024
16104090
16031538
16164846
16077600
16110807
16018905
16153101
16073400
16060176
16171050
16040310
16081836
16084575
16149132
16032729
16112691
16136289
16096536
16095111
16048044
16049367
16128312
16043664
16142631
16031931
16137447
16117350
16108182
16032216
16105437
16144971
16114386
16029021
16178718
16060941
16044057
16098000
16084326
16052796
16094523
16146144
16029306
16091697
16066467
16135767
16035249
16055493
16133175
16119195
16042374
16146543
16051092
16152051
16060305
16166214
16028472
16100163
16138839
16111809
16024224
16076178
16171692
16052013
16132017
16077285
16065147
16086732
16141836
16076493
16215060
16082103
16191489
16045332
16070370
16088274
16157385
16045701
16147812
16106037
16154520
16052145
16169391
16033512
16092900
16094454
16174146
16042290
16090869
16126788
16717851
16907379
16464900
16604367
16827708
16234941
16233258
16143975
16059777
16132128
16033665
16165605
16108014
16109244
16031289
16051740
16123260
16093623
16037148
16137837
16083933
16113810
16034709
16175892
16041021
16145079
16108953
16108443
16044132
16136913
16106736
16128054
16100232
16090620
16132107
16061358
16126944
16025250
16149531
16046112
16139364
16028550
16063710
16145166
16065066
16129719
16132866
16120119
16131936
16055529
16167903
16037466
16138314
16099179
16150575
16041855
16132542
16127784
16041507
16084683
16092759
16120113
16077525
16088058
16086171
16137768
16049574
16140189
16015533
16056777
16102557
16122399
16037250
16194516
16119165
16120866
16051593
16164150
16029063
16159083
16261830
16252512
16130508
16135863
16100994
16035888
16088142
16046700
16171068
16050801
16082838
16097589
16142622
16054488
16085160
16082409
16042329
16088178
16136880
16039428
16105206
16133616
16112622
16043154
16110807
16079784
16167039
16032858
16209003
16043883
16114044
16125669
16078350
16083630
16028982
16177971
16053303
16088325
16038822
16179039
16061337
16075911
16071282
16067217
16098090
16192719
17058789
16341327
16109103
16260540
16024275
16132791
16130610
16168179
16026675
16139154
16080543
16152354
16077654
16110900
16054077
16062702
16155744
16044867
16057446
16036728
16194231
16052694
16075710
16095744
16101096
16060203
16050990
16084770
16073031
16099611
16150140
16143888
16119588
16120767
16145409
16026924
16132341
16077363
16155090
16048689
16118076
16075314
16090380
16098450
16101126
16079580
16049982
16221099
16052592
16087083
16050018
16147614
16054161
16054491
16076730
16092747
16090746
16172667
16031625
16141485
16152051
16172790
16031118
16102611
16126797
16171083
16145913
16034772
16624626
16188288
16090368
16094115
16077111
16074837
16167555
16032126
16373325
16108290
16226283
17019615
17131470
17244249
17517609
17235690
16897020
16750779
16464090
16452141
16659435
16959864
17385363
16540236
16475532
16352127
16289148
16131456
16126746
16059873
16130058
16031379
16108305
16114431
16090233
16029834
16180434
16125498
16088925
16043625
16205853
16114365
16125927
16136274
16096497
16045206
16184718
16151898
16037193
16141770
16156833
16089051
16045287
16395864
16997550
16300818
16095039
16346187
16136553
16181631
16081200
16073955
16119309
16108140
16113243
16095840
16100766
16144680
16110990
16150854
16023630
16164789
16124865
16126350
16081062
16174485
16014330
16145934
16108452
16085334
16066098
16115151
16175031
16043715
16141008
16099572
16131471
16038363
16099056
16082748
16093473
16104387
16139070
16044168
16092450
16417842
16318221
16035840
16151274
16125345
16140300
16067829
16130922
16081584
16093191
16244199
16030305
16075269
16175046
16146726
16038429
16099467
16705701
16439952
16159227
16216002
16162896
16075323
16156692
16078893
16040226
16136649
16108719
16082892
16042230
16217241
16072236
16100436
16019487
16153674
16105125
16107348
16090623
16042251
16136784
16101435
16074318
16029585
16063443
16123188
16107777
16031076
16134822
16110270
16083054
16048065
16114452
16055397
16160316
16102758
16100625
16040553
16141410
16089033
16107732
16030575
16135707
16090008
16089081
16097322
16018209
16116786
16045122
16122021
16039131
16081413
16142955
16094670
16008744
16052661
16121955
16106733
16049949
16115211
16040868
16151811
16625151
16762515
16164054
16146243
16176849
16095501
16037646
16175508
16044909
16112718
16071069
16097928
16137687
16045590
16124847
16037766
16110186
16061448
16158576
16017714
16087659
16130265
16069506
16042956
16132032
16073019
16144920
16049532
16146471
16028589
16172217
16077513
16100322
16044822
16146177
16101723
16114809
16023189
16086378
16161666
16043976
16091445
16060914
16126491
16084995
16132716
16007451
16093632
16127130
16080795
16027992
16074579
16138605
16115181
16064508
16165248
16021158
16236489
16051218
16195107
16032252
16133763
16190463
16110012
16014693
16209354
16150152
16096929
16056609
16183440
16106229
16053978
16159575
16029606
16089969
16092867
16126311
16032936
16075665
16136292
16116261
16046319
16097349
16069827
16157592
16706685
16676823
16271547
16212207
16234311
16080642
16094940
16144248
16113636
16046346
16083702
16096389
16119894
16059294
16067991
16095189
16123647
16048464
16127802
16034601
16054788
16154301
16077678
16039461
16091586
16124334
16115790
16036110
16165602
16028889
16141764
16039722
16137351
16049043
16156848
16119540
16039440
16090833
17049477
16546212
16027395
16063863
16165413
16149750
16045698
16160628
16044300
16101861
16053129
16102287
16031694
16074342
16151922
16104819
16033008
16128492
16121232
16185672
16026093
16144572
16082097
16178400
16117179
16067874
16056798
16137285
16161861
16045848
16070217
16145301
16120908
16047891
16103967
16068069
16117767
16066212
16099206
16045029
16112418
16116825
16102827
16030014
16120725
16116213
16115598
16022832
16224042
16081644
16127934
16055319
16139289
16054179
16083285
16170306
16029447
16060773
16075923
16161990
16048551
16082682
16084773
16113789
16048074
16089762
16029882
16112556
16071765
16145214
16106892
16115766
16147467
16142199
16019310
16088634
16159827
16131228
16037571
16116984
16079850
16096356
16079226
16085748
16058085
16089252
16149096
16045410
16080801
16088796
16110975
16034508
16058502
16088508
16108191
16055823
16163142
16019625
16118574
16072587
16143780
16087122
16109259
16118877
16128000
16048497
16079649
16150245
16104585
16090233
16085112
16081212
16083087
16162083
16039611
16091409
16033638
16186170
16041771
16054296
16103040
16126425
16099131
17119146
16423344
16218123
16106754
16193619
16016454
16100037
16127247
16164033
16087836
16114986
16109898
16043991
16097187
16095861
16069305
16097190
16097673
16092765
16101630
16066344
16135026
17040789
16438473
16141236
16169889
16044144
16095333
16076892
16167492
16032702
16145940
16030428
16129704
16035441
16146297
16036185
16095726
16148982
16135794
16020132
16096197
16118793
16054242
16940946
17381871
17134710
17355774
17300028
16926276
16514430
16450881
16407918
16456455
17027877
17114511
16423173
16497399
16340532
16278510
16138020
16112559
16097082
16104654
16087839
16133775
16140051
16052766
16102056
16109670
16121190
16034250
16122099
16085109
16143168
16103424
16152309
16031496
16164612
16180530
16106106
16036167
16222347
16100001
16107075
16100580
16055763
16084482
16104354
16221525
16082343
16083705
16150161
16161798
16037841
16124517
16096284
16128117
16042041
16165521
16041786
16143969
16177545
16101510
16057779
16115754
16206453
16145133
16031871
16210899
16058559
16138986
16078194
16067301
16098867
16166769
16127901
16033446
16079010
16197132
16109124
16073712
17098962
16370724
16099350
16106754
16120479
16022043
16198248
16104924
16146036
16054566
16165923
16098168
16101042
16095459
16186065
16050396
16117500
16089369
16164993
16076571
16084134
16158384
16071762
16618677
16276818
16223652
16111644
16072881
16153638
16096785
16021635
16118937
16056195
16092762
16042920
16142931
16042047
16160526
16112220
16097400
16028079
16144116
16113057
16109211
16047984
16165782
16098771
16072647
16087746
16100127
16171722
16063881
16115676
16037670
16094364
16155261
16094493
16021572
16080372
16112901
16093620
16030863
16126833
16033860
16154562
16124559
16127613
16037307
16123128
16105785
16122570
16039512
16123167
16106166
16043703
16107087
16097013
16115274
16038771
16146987
16040184
16091682
16105800
16128081
16094523
16062972
16130688
16095993
16032129
16079484
16089573
16154508
16061001
16142511
16048083
16136031
16108746
16122426
16027344
16105596
16127175
16044849
16087986
16107210
16110120
16053243
16077981
16093083
16122972
16171599
16135692
16022580
16095573
16057809
16158966
16021593
16098030
16082898
16156884
16062915
16133745
16036071
16493226
16879254
16479213
16104096
16142022
16101264
16115274
16019211
16058946
16166472
16101669
16081242
16094070
16123275
16062951
16166961
16023186
16107645
16046265
16119537
16034328
16080531
16136097
16109616
16034142
16114476
16120083
16122684
16042623
16146591
16166346
16157523
16086690
16193157
16004343
16069017
16155378
16026948
16041663
16095888
16151748
16039173
16086327
16092810
16092513
16048185
16121082
16039695
16071627
16112985
16747428
16919421
16320894
16230897
16160052
16032873
16150533
16072980
16126956
16031391
16149714
16037703
16170615
16102638
16090650
16088559
16074990
16099539
16095075
16075362
16073364
16171332
16050561
16110216
16050855
16106178
16048932
16083447
16025658
16098018
16150791
16121808
16036095
16110849
16119408
16106811
16045275
16162104
16043970
16255545
16046073
16073595
16129371
16060338
16127361
16041840
16104432
16092699
16170123
16037736
16064721
16081290
16096917
16053714
16120956
16036014
16110894
16118289
16203771
16023267
16104930
16130763
16114362
16023387
16096875
16079193
16143717
16150767
16055631
16097979
16071096
16148454
16049148
16700748
16876113
16478763
16137933
16080132
16118763
16083576
16046685
16039941
16106856
16124010
16063875
16131771
16026342
16147413
16109862
16117908
16037226
16110264
16137543
16112991
16034427
16135422
16087188
16098678
16150038
16074783
16067988
16082169
16153479
16040349
16075977
16115322
16078572
16062585
16054653
16081713
16122090
16065606
16143681
16018011
16166646
16058766
16174083
16111077
16113201
16146372
16113840
16030893
16033935
16245798
16048899
16100160
16080426
16198641
16099326
16174860
16016385
16088082
16064763
16130460
16043862
16058289
16104972
16125000
16062204
16106421
16070100
16189794
16065867
16164615
16021482
16093269
16129257
16152129
16034130
16044318
16175640
16047054
16080459
16088958
16069962
16090248
16123356
16082148
16086357
16073427
16166685
16042068
16066014
16037853
16199094
16062639
16093743
16077030
16150425
16056051
16153938
16029126
16101027
16091061
16166469
16018179
16036623
16172580
16059963
16053540
16044573
16144023
16130487
16389156
16110123
16099644
16166835
16086450
16082925
16052844
16044435
16186722
16046142
16094526
16091961
16147182
17071194
16505937
16197399
16123629
16053789
16155591
16029957
16111632
16075917
16864245
17480247
17265447
17346057
17028561
16876428
16754088
16599879
16446894
16489659
17062998
17237619
16610868
16555410
16558965
16414014
16427040
16327890
16372053
16347804
16366875
16303512
16306758
16372122
16279587
16394154
16345296
16304226
16352985
16408512
16294155
16358034
16301418
16390653
16290609
16355988
16313556
16362402
16389894
16362060
16258443
16350069
16345020
16352337
16255224
16366044
16370037
16343490
16316742
16348365
16387917
16373592
16279044
16381959
16375212
16366584
16326393
16339398
16353381
16360932
16334763
16352913
16310517
16410096
16343193
16335732
16337139
16394886
16327806
16280952
16371132
16371132
16320180
16324029
16331724
16332423
16338912
16395222
16320882
16331601
16516806
16264020
16306773
16367370
16360200
16258731
16313436
16370019
16338330
16272780
16382025
16312152
16352970
16436187
16318092
16271796
16419666
16403703
16333956
16264722
16681161
16270833
16182114
16120746
16192830
16047303
16111509
16067667
16065768
16122168
16119831
16330386
17035071
16356192
16359573
16109640
16619061
16557633
16064871
16099803
16272804
16339725
16204659
16206927
16428306
16386600
16158987
16387896
16308828
16437678
16384764
16549578
16377567
16418556
16393128
16499223
16363284
16648131
16495194
16529061
16404411
16752477
16417173
16341414
16328160
16355598
16305423
16352634
16257582
16378143
16292067
16420380
16265805
16323540
16389051
16274988
16347111
16336809
16391634
16264686
16315332
16250850
16143675
16055205
16164564
16027176
16133136
16066962
16096248
16028874
16072920
16124106
16099578
16043919
16172826
16073412
16113894
16043091
16128159
16084602
16154427
16106688
16112190
16028184
16056306
16163649
16028580
16068339
16104585
16150812
16042875
16085139
16079448
16123890
16052652
16132494
16033725
16085262
16139196
16091232
16046448
16110591
16108353
16145235
16036248
16118241
16043001
16160532
16034583
16139469
16057932
16068084
16170813
16039719
16076385
16114845
16180611
16049616
16082418
16086384
16136568
16044915
16130247
16024095
16064481
16084530
16157385
16033275
16115718
16125243
16238895
16036383
16169322
16077213
16160964
16043451
16116054
16079964
16060959
16256082
16014375
16057950
16048287
16232319
16032831
16094559
16094493
16081848
16052232
16085304
16661841
16987602
16233036
16309896
16186650
16091988
16161783
16107861
16042017
16114086
16122381
16142163
16031496
16151679
16077063
16129059
16058190
16073172
16149153
16089387
16137798
16043400
16083780
16061769
16177860
16046448
16068564
16072461
16097364
16054791
16128654
16038759
16140984
16050879
16165650
16020975
16116489
16132815
16119573
16024362
16106103
16133067
16083579
16068495
16093377
16093059
16079832
16091949
16199964
16099236
16068288
16144194
16034454
16055502
16093158
16175673
16046544
16075518
16108530
16139508
16055385
16117275
16019607
16122360
16196796
16176420
16027611
16096308
16192401
16069149
16069479
16089489
16090869
16097550
16074231
16136787
16095624
16075554
16143513
16048530
16044786
16034661
16197021
16034172
16086900
16100460
16121484
16120344
16151616
16069281
16104294
16152687
16152093
16009671
16109610
16099272
16057866
16119237
16025601
16118544
16089381
16091979
16086873
16104378
16083669
16081002
16088295
16049058
16031859
16186815
16049901
16095084
16030449
16196742
16047498
16112433
16071582
16100100
16097586
16132941
16033185
16123968
16046409
16134252
16113867
16033713
16139376
16093320
16100322
16042842
16134369
16072293
16093731
16080018
16060392
16033647
16184199
16110891
16090791
16029678
16188894
16057182
16104147
16074849
16102635
16093104
16111533
16089123
16096815
16091184
16125279
16111734
16021245
16057629
16146603
16100784
16028859
16148961
16071921
16073172
16102866
16058820
16036989
16131099
16086000
16105518
16051185
16178508
16060365
16115433
16089582
16154073
16084968
16138617
16065774
16035582
16130754
16059603
16106445
16008870
16067769
16134756
16115931
16040784
16128729
16083321
16193313
16045359
16315662
16144470
16151052
16106085
16091871
16039983
16191852
16107144
16107624
16015725
16152174
16104741
16127667
16072053
16036755
16129272
16047138
16981482
17181357
17476722
17318568
17140059
17023977
16758252
16632930
16379448
16668444
16729215
17591724
16687836
16359183
16396866
16322085
16364835
16058085
16118529
16093467
16132842
16082928
16116417
16073859
16098405
16133403
16156314
16033194
16054041
16060671
16168125
16048272
16096017
16136202
16146000
16120059
16116105
16084473
16099629
16139952
16154847
16043184
16144191
16074837
16127643
16142595
16017141
16174194
16168506
16075191
16079283
16116588
16136466
16120815
16087395
16077885
16045803
16182402
16108131
16077120
16035855
16191129
16151016
16131972
16087446
16126461
16116051
16213080
16084338
16109838
16047399
16138110
16113900
16033293
16165251
16074993
16089300
16020564
16219536
16069896
16125129
16080777
16114683
16060437
16079796
16117968
16075164
16026981
16295556
16273416
16277568
16163178
16122282
16042851
16094133
16145643
16113150
16110693
16241193
16030929
16050204
16618839
16314669
16185888
16095954
16149723
16072344
16131960
16077318
16079913
16096371
16076190
16054626
16050312
16116624
16160259
16036770
16109670
16031334
16213485
16069299
16096830
16094592
16139472
16075482
16116420
16065624
16043496
16144179
16100037
16063905
16025367
16176189
16049670
16123239
16021425
16116234
16077921
16080144
16104906
16082646
16088385
16105941
16096221
16117281
16046691
16209075
16029873
16093737
16057131
16189536
16060101
16110498
16051191
16045710
16134861
16102068
16063995
16036530
16134438
16120416
16132731
16048704
16131822
16090185
16072050
16054317
16115829
16053909
16159542
16090605
16113714
16033905
16238280
16033677
16095132
16057479
16186962
16062027
16079904
16099542
16052496
16140129
16073349
16113714
16023687
16134981
16103826
16098048
16012659
16046703
16152360
16165719
16040727
16095669
16190706
16179141
16105254
16108521
16040649
16164444
16100823
16101771
16046859
16164582
16052391
16062309
16063488
16072863
16149636
16057521
16127739
16033113
16138947
16071165
16119720
16037091
16064427
16120992
16056789
16031100
16168470
16078101
16107447
16040817
16147890
16034349
16156635
16085517
16111140
16161849
16137003
16172760
16073757
16071888
16078818
16147725
16044549
16131981
16028538
16143741
16059816
16142349
16029048
16050279
16149471
16063257
16038732
16078518
16119060
16735626
16782888
16439379
16145232
16168977
16111575
16113246
16034565
16150407
16095960
16096605
16042518
16171743
16079334
16029264
16083975
16079463
16139691
16059201
16173207
16035576
16178589
16057230
16098150
16047873
16054116
16156218
16068342
16094517
16179531
16068270
16120146
16040475
16146774
16074699
16108404
16089666
16108131
16037931
16073727
16130328
16040622
16080486
16122258
16149360
16025400
16125570
16058787
16142478
16055832
16210596
16046538
16143054
16109004
16078074
16035807
16106679
16138971
16152639
16039716
16148565
16077276
16111359
16045563
16134351
16042002
16074609
16149390
16047870
16067244
16118397
16113687
16035600
16100100
16082343
16140624
16063446
16097499
16029390
16107741
16052646
16200192
16025991
16131327
16148370
16126956
16040841
16097283
16121238
16099842
16047489
16153794
16007226
16091397
16152903
16023207
16061808
16087182
16158414
16057737
16174401
16098147
16128426
16046490
16065894
16094664
16118511
16070199
16153134
16028808
16171590
16113000
16155927
16023669
16105464
16121652
16106007
16054107
16101774
16068102
16087923
16092990
16081308
16134174
16067100
16165845
16054317
16074990
16038960
16158171
16045980
16054920
16080099
16122636
16054929
16178109
16023645
16109010
16079568
16225524
16044621
16095936
16117383
16123986
16050423
16023609
16149654
16148307
16100853
16087860
16078830
16063335
16118337
16103592
16067787
16036857
16149804
16037676
16052184
16105827
16118745
16065516
16114134
16082211
16118319
16096413
16162281
16030752
16114677
16059051
16153302
16035381
16024455
16149159
16094343
16122645
16028262
16142292
16072893
16112916
16087887
16070562
16027557
16181784
16095147
16079421
16175553
16167165
16076031
16106889
16078494
16120353
16139658
16121976
16069392
16112700
16070604
16179495
16051344
16015464
16144068
16112970
16090275
16039917
16138599
16741080
17447544
17017083
17822238
17300892
17045976
16638147
16588359
16116321
16371753
16542297
17594739
16450821
16172190
16308030
16217952
16069335
16107423
16024146
16400859
16206501
16048791
16160481
16087353
16059768
16136037
16062888
16103514
16091856
16225131
16039341
16180815
16157319
16103334
16030392
16155087
16080336
16262211
16023789
16138038
16086678
16069953
16102977
16141128
16068063
16093962
16210026
16044033
16076271
16160094
16085754
16075443
16081788
16058634
16104522
16159665
16177617
16024047
16153569
16080585
16176441
16035717
16139871
16089693
16176048
16097211
16043205
16141395
16158165
16097631
16075068
16093491
16142379
16176597
16044210
16126356
16038648
16171491
16116393
16061304
16097847
16197588
16049715
16124469
16081590
16323831
16181400
16172925
16088349
16105950
16125051
16170696
16208001
16162083
16192704
16140819
16098108
16087653
16112781
16062114
16112307
16573581
16354395
16298676
16254027
16096755
16057137
16094445
16119795
16038990
16105059
16073127
16146669
16043022
16173960
16039812
16109547
16094658
16165257
16026555
16122744
16111749
16118025
16111011
16030644
16129236
16087893
16139649
16067103
16109541
16075545
16146597
16033452
16048014
16023738
16175544
16034178
16071924
16093563
16167606
16058073
16120224
16075449
16100967
16093920
16275534
16013862
16126908
16058487
16114731
16164909
16040760
16126614
16081719
16100736
16092321
16090548
16070085
16095249
16082145
16054047
16018545
16185828
16044258
16108026
16046646
16184475
16065396
16184733
16092993
16105929
16117491
16160928
16019322
16168830
16057023
16103532
16088991
16031787
16113948
16085277
16146852
16030122
16138497
16067739
16068789
16107147
16065600
16031208
16154580
16082982
16086198
16055262
16180128
16063548
16121733
16106229
16142835
16067400
16128444
16068582
16096668
16093035
16114110
16186536
16029351
16109313
16102551
16121760
16033689
16134528
16079886
16063023
16039773
16097979
16073244
16103013
16080174
16100178
16029159
16315035
16049232
16125024
16037904
16195995
16102632
16113018
16645017
16391022
16302375
16270668
16096386
16562853
16221708
16084545
16063941
16036938
16188309
16060056
16102317
16039527
16124934
16107963
16065174
16102881
16094910
16061094
16173915
16164153
16118733
16802517
16943904
16335987
16170051
16244838
16102686
16024071
16101528
16091259
16171863
16060620
16119024
16060803
16178430
16104753
16090944
16084953
16035486
16189560
16060665
16078431
16096860
16078578
16043637
16088538
16051089
16083582
16076136
16166007
16021554
16110000
16080381
16153938
16058142
16109346
16084176
16147908
16052805
16034610
16143366
16058055
16099776
16074513
16087197
16045083
16195452
16071384
16067445
16042524
16158792
16064166
16086060
16098735
16112400
16080798
16112997
16086801
16105200
16136352
16171671
16047648
16095501
16072053
16164873
16107435
16030449
16130151
16064142
16082541
16108785
16067697
16040961
16136361
16117686
16045902
16033053
16160076
16099143
16078266
16022763
16121079
16088409
16103322
16098258
16111401
16073979
16172700
16037763
16113810
16014864
16147002
16081200
16038339
16141668
16071465
16100049
16065648
16148196
16041624
16215378
16104258
16053876
16048200
16101429
16089255
16094412
16030581
16155162
16104873
16108566
16086474
16118580
16080741
16116330
16087635
16107678
16029477
16150458
16118622
16029222
16082604
16120722
16112148
16042623
16151229
16035210
16120350
16045392
16148430
16027275
16095177
16108569
16080507
16021500
16157379
16097631
16116357
16029279
16149849
16138533
16110930
16104333
16116288
16023273
16089654
16134546
16075752
16075401
16106739
16114593
16040736
16170594
16028583
16120023
16056315
16101813
16032042
16130649
16118235
16166499
16028502
16093140
16150182
16110168
16036077
16143795
16068753
16128657
16041507
16133430
16059627
16089525
16134219
16027440
16086714
16101567
16114113
16037862
16090674
16125735
16112799
16071270
16107309
16044321
16098720
16066032
16279911
16032861
16111230
16151850
16108494
16042383
16102776
16116597
16116909
16049754
16119858
16063509
16104582
16147278
16043370
16098918
16142946
16186344
16039131
16792023
17238237
17118345
17756466
17196318
16977342
16717050
16673559
16543923
16417758
16824753
17534682
16583214
16332660
16387773
16188105
16194519
16077510
16156545
16066788
16119144
16088877
16124616
16028616
16127499
16134387
16119876
16017975
16144986
16123767
16107963
16084989
16156227
16055820
16121805
16157760
16098759
16042155
16130115
16200822
16044036
16106889
16144968
16093713
16063542
16208520
16034613
16139046
16081410
16095891
16053606
16108221
16126782
16071624
16031415
16241394
16078344
16121700
16025916
16211397
16070991
16123014
16096830
16103085
16036884
16212741
16081545
16015101
16089711
16204596
16092972
16043094
16173141
16041456
16157211
16057224
16141503
16032948
16178439
16106835
16096053
16055412
16157079
16148226
16118742
16062900
16151079
16065660
16174152
16082625
16098864
16110117
16134930
16134525
16026150
16155372
16137009
16108110
16139577
16086375
16057482
16675527
16520469
16444734
16196763
16279314
16088511
16043343
16058670
16108506
16107291
16096029
16033077
16099113
16096596
16121895
16030983
16151007
16075491
16109037
16071204
16038066
16097010
16150674
16081626
16036350
16066731
16149531
16122672
16028712
16124916
16036182
16122753
16046361
16125735
16047750
16117908
16123941
16104075
16026939
16110867
16141461
16110996
16032741
16159287
16070091
16129326
16097265
16021836
16084317
16099308
16140018
16035927
16067145
16135776
16131246
16087995
16212075
16105188
16089384
16025682
16134627
16039566
16139019
16063146
16147323
16033134
16143090
16100244
16108293
16009398
16124181
16063965
16105782
16048845
16086870
16116957
16049040
16166418
16033650
16075881
16074600
16148964
16017756
16065939
16078038
16166793
16035063
16146717
16035981
16146651
16053783
16150296
16024659
16152315
16113990
16108230
16036026
16100127
16139691
16134231
16077684
16091589
16118079
16063224
16092681
16074591
16111419
16078590
16138917
16035021
16051086
16115100
16097535
16036899
16057581
16100982
16138977
16078509
16173135
16033629
16136172
16051515
16159854
16021701
16113075
16209582
16048869
16099317
16023810
16291371
16053426
16146855
16088088
16078233
16097382
16132827
16024680
16061493
16073850
16142538
16047939
16076790
16112037
16164885
16054812
16069476
16084275
16153629
16053153
16717590
16821411
16419861
16252347
16317351
16029978
16203198
16135257
16038165
16099632
16116015
16104738
16068690
16077762
16079517
16093821
16087506
16178451
16025463
16071735
16127214
16083417
16038351
16071321
16078041
16152504
16033458
16171662
16047246
16140114
16117926
16163013
16018548
16073319
16169301
16038114
16078608
16059195
16164540
16047777
16099668
16063299
16088595
16086363
16120959
16027962
16077384
16072449
16148556
16043010
16106022
16080876
16238436
16029291
16111650
16063557
16125450
16047435
16201143
16044573
16019679
16183824
16100223
16080531
16047903
16156062
16058622
16118325
16091091
16066239
16088004
16072863
16085079
16081443
16072509
16159107
16038858
16105818
16026465
16193595
16049070
16140609
16070955
16138263
16040874
16177851
16018764
16044015
16175820
16061829
16067304
16058616
16161276
16072323
16104108
16028793
16136778
16097928
16087524
16139565
16063704
16081860
16115451
16105758
16110618
16013829
16201029
16031769
16094934
16097271
16142115
16118652
16068222
16095669
16081092
16117386
16086207
16049067
16054155
16141467
16111854
16088742
16042053
16144590
16045149
16085253
16008834
16152231
16076901
16112094
16073631
16095018
16118907
16182699
16053345
16087311
16037172
16193298
16045650
16064076
16216014
16083255
16197882
16038651
16124799
16098084
16146852
16097490
16170648
16106616
16153293
16048440
16078545
16020801
16116354
16164993
16099071
16090452
16122093
16069041
16120449
16106052
16095663
16041930
16219467
16047273
16039668
16114305
16119939
16105521
16039149
16113855
16029906
16153569
16105446
16076586
16026717
16095693
16095216
16091799
16015962
16181352
16098474
16098393
16023546
16187517
16193706
16125888
16072362
16099941
16042611
16193496
16070412
16020171
16117437
16093302
16099272
16053429
16121157
16045137
16148646
16040748
16122900
16044468
16096401
16730142
17213382
17116146
17348829
17084277
16836042
16880187
16563303
16389678
16363683
16679847
17505192
16614987
16386180
16500345
16256892
16090500
16110291
16076277
16147131
16090851
16094862
16157463
16185114
16033740
16110543
16082901
16183380
16061340
16174788
16102638
16137825
16127904
16046031
16143645
16106298
16179627
16101993
16078212
16076640
16136544
16097961
16140228
16025832
16095213
16176291
16081668
16082640
16082106
16132374
16123368
16177878
16128417
16031544
16203048
16109220
16109178
16110384
16246548
16047678
16037391
16145598
16096674
16143060
16115250
16142016
16050393
16145778
16161252
16092525
16031238
16109481
16135284
16078098
16024203
16194687
16077465
16114686
16152774
16102617
16071195
16158399
16134453
16102668
16046946
16226880
16069530
16031454
16241151
16057476
16085610
16061448
16174005
16040865
16169304
16114458
16090650
16031970
16174308
16107636
16080264
16086348
16663377
16376973
16184211
16138860
16117683
16078668
16112910
16208868
16245237
16070517
16163931
16058121
16095561
16023642
16139406
16127223
16044696
16117845
16063821
16110930
16041612
16161867
16028631
16166694
16184115
16054416
16035234
16159062
16068201
16141356
16033707
16181343
16090605
16109307
16088568
16097103
16083264
16170276
16108185
16107249
16021557
16144992
16105137
16037016
16132290
16068327
16122252
16045893
16126263
16042293
16107540
16136097
16043973
16034154
16113141
16109943
16098468
16024944
16155684
16082637
16113720
16022097
16154070
16061385
16124244
16100766
16063140
16067409
16156530
16093656
16034814
16078539
16135440
16102593
16048374
16138380
16035810
16116816
16038537
16112397
16029540
16121997
16109946
16123902
16037586
16115025
16258950
16184085
16023285
16149402
16073442
16109091
16092219
16210857
16061475
16101825
16141062
16041708
16087908
16117371
16123473
16036890
16078491
16060644
16120461
16039017
16103541
16031985
16112400
16118478
16097766
16043070
16125801
16134339
16110810
16029066
16153389
16069539
16124004
16058109
16085661
16111980
16112955
16123047
16040814
16103406
16059597
16171137
16034334
16222662
16078092
16171326
16097685
16185939
16048503
16123431
16066134
16140084
16041192
16113108
16168878
16133505
16018662
16108041
16130787
16135944
16038822
16074621
16116915
16769055
17074683
16224708
16350534
16132017
16126824
16019124
16091658
16137888
16106754
16045302
16060344
16489104
16281243
16041447
16092423
16032327
16146108
16103340
16142547
16039875
16152441
16106742
16090131
16043655
16159257
16094691
16106181
16023507
16111992
16125693
16063377
16138092
16059852
16068720
16092420
16156608
16025094
16087290
16112547
16085703
16040394
16150608
16036842
16150194
16048866
16159452
16047279
16127310
16105326
16092771
16018383
16153896
16139367
16084578
16029051
16093788
16147326
16060104
16100310
16068042
16106463
16086093
16222827
16017183
16051332
16124580
16060425
16045662
16075884
16090770
16171188
16038384
16162542
16039446
16153113
16074876
16143600
16028370
16142127
16128045
16075434
16055979
16102809
16117407
16102263
16080762
16089450
16203846
16054329
16146015
16029108
16038378
16076451
16141605
16046994
16100157
16127457
16116330
16033593
16114515
16089633
16142955
16058445
16148913
16045296
16216215
16277412
16315551
16286043
16283529
16393188
16279266
16305318
16272108
16372293
16283412
16336422
16282107
16374486
16287393
16320843
16289073
16332324
16296183
16296219
16279986
16364520
16286880
16336113
16264437
16324515
16323522
16536888
16256778
16110825
16101528
16106082
16121745
16104768
16069314
16173879
16045806
16089282
16034928
16138023
16097061
16040718
16174239
16073976
16127241
16095798
16095183
16033362
16138608
16070043
16054716
16026015
16166829
16058463
16092402
16040157
16168497
16115904
16102269
16086738
16119486
16060764
16128465
16094748
16066062
16063710
16139097
16104042
16027704
16146792
16050135
16100808
16048548
16116780
16058991
16110243
16106187
16063083
16039779
16118670
16169541
16165614
16012527
16168065
16103718
16102890
16025700
16194678
16056405
16122618
16073088
16010901
16090506
16157076
16085253
16015758
16076838
16117545
16495941
16478766
17503149
17104578
17322468
17130189
16920255
16722627
16685277
16488756
16517859
17290404
17057634
16498569
16418175
16317522
16115760
16036143
16164255
16158159
16067280
16041762
16191240
16092453
16062309
16076688
16103082
16113270
16095801
16137357
16119120
16065381
16207128
16087617
16103361
16035033
16231248
16063146
16081596
16170954
16103064
16109571
16094307
16106478
16035573
16158981
16150221
16099068
16040040
16213053
16044117
16046025
16099395
16115643
16109577
16100967
16150218
16130547
16071558
16158369
16065561
16096266
16227216
16204119
16057146
16115598
16113936
16092807
16119390
16074276
16117341
16064925
16175271
16092969
16097694
16025208
16178865
16094004
16060056
16057596
16184493
16088967
16162128
16018587
16211238
16123512
16133973
16056519
16091658
16114893
16130106
16062006
16129470
16286967
16382046
16410756
16274517
16385505
16394454
16315803
16281198
16384545
16777536
16356258
16169691
16177767
16196925
16158573
16046418
16047684
16028943
16173831
16045335
16074705
16096464
16133796
16053912
16119195
16096827
16079688
16095453
16141095
16027272
16109361
16097121
16066284
16098753
16025289
16114452
16077378
16114257
16087125
16105077
16080537
16091436
16109016
16069746
16036140
16184553
16035690
16102455
16052499
16183770
16056729
16104276
16071723
16090386
16099956
16116177
16027404
16128063
16125726
16116147
16104633
16030983
16117791
16099812
16102566
16019244
16142007
16083384
16206015
16081323
16055853
16033464
16216944
16044633
16110843
16040007
16207890
16053957
16107948
16105566
16138206
16133163
16115217
16086318
16094361
16081557
16106406
16073304
16028784
16116762
16085130
16144641
16046019
16137675
16149744
16065480
16091940
16049889
16079742
16075608
16105035
16105341
16033257
16223853
16049031
16110201
16046388
16185849
16047342
16119186
16082772
16077027
16090737
16064664
16111755
16094730
16133922
16069935
16110714
16031499
16132017
16100142
16064925
16054668
16109691
16053624
16099665
16102173
16119168
16046106
16157358
16092057
16080402
16051692
16171095
16060287
16116168
16063338
16455867
16109919
16114569
16100052
16038933
16254273
16152303
16120929
16036857
16088301
16147197
16076679
16031175
16121439
16081803
16091655
16019988
16142898
16021923
16171809
16739520
16665231
16233147
16360908
16218378
16124181
16053939
16197177
16036959
16108947
16063716
16038537
16139028
16034499
16115415
16039101
16165320
16090536
16097961
16030602
16120395
16090053
16069407
16009611
16157652
16051920
16114614
16085322
16102095
16050420
16158114
16087623
16083405
16042821
16199589
16059687
16084854
16093527
16172286
16101813
16044396
16119714
16022880
16134609
16116039
16097205
16042374
16165188
16114950
16126836
16013145
16149699
16149582
16115001
16031076
16149438
16072608
16163790
16070601
16174731
16031508
16163895
16041231
16060539
16058817
16125108
16078791
16035510
16136157
16037865
16162797
16040115
16121955
16037016
16106061
16116558
16077738
16029516
16100283
16121622
16115763
16030728
16146012
16054587
16114230
16117752
16109547
16057188
16167993
16088514
16040766
16095465
16134810
16086201
16054056
16102770
16073139
16152909
16053174
16117137
16040346
16093449
16089840
16121529
16029471
16102911
16109427
16107240
16038603
16161309
16071138
16119033
16053777
16153275
16044669
16136292
16105365
16043430
16078509
16070820
16103253
16031208
16104717
16088130
16159260
16033638
16119990
16039917
16089129
16047552
16113885
16028466
16127241
16128042
16120995
16023717
16121829
16100250
16113732
16081857
16166490
16036518
16117524
16095996
16091310
16085280
16122657
16133277
16048719
16113060
16103940
16127523
16037736
16040343
16088499
16109394
16066224
16119210
16023108
16107849
16079652
16267158
16026141
16106640
16116294
16115388
16050723
16116738
16071558
16180500
16121922
16071534
16087686
16067736
16142886
16041198
16100832
16042374
16156563
16049502
16051830
16104105
16109436
16060410
16090206
16074042
16229826
16084716
16153968
16053816
16141542
16126899
16121529
16039437
16101027
16069764
16092624
16108104
16089342
16077534
16075884
16106859
16088814
16098474
16043934
16774302
17103537
17159493
17313444
17247231
16950963
16810239
16698108
16451151
16376490
16871103
17311995
16515729
16380609
16417047
16201365
16114824
16082820
16095969
16099419
16105890
16025811
16148397
16125657
16121109
16097664
16097022
16124175
16121613
16115829
16256091
16040124
16206843
16039410
16146207
16080666
16069326
16218687
16046715
16123464
16099647
16151163
16059372
16086783
16093590
16185447
16058769
16126104
16033797
16145481
16090251
16173597
16066350
16120083
16122540
16174644
16040583
16091703
16186098
16169751
16044945
16164252
16072914
16069980
16177242
16091127
16060128
16023474
16260984
16060857
16084425
16105908
16165365
16073475
16067289
16119432
16083294
16087089
16211223
16014507
16110546
16080858
16189020
16029342
16110864
16142967
16127844
16059024
16232460
16028250
16072926
16103826
16159497
16070208
16073355
16195068
16054665
16100673
16130118
16160412
16051956
16398264
16335000
16294908
16177221
16187646
16025484
16104153
16094295
16167534
16027179
16110087
16203492
16159305
16030782
16090299
16066107
16150707
16064886
16071942
16108569
16066986
16177731
16033863
16096503
16042809
16195386
16116579
16058682
16077891
16101555
16045575
16082496
16097388
16104228
16089612
16226127
16046436
16112634
16119978
16175541
16046979
16108470
16116210
16087623
16082493
16090131
16080777
16078818
16121589
16076187
16100136
16078374
16147302
16042488
16035189
16030629
16140600
16050225
16102653
16153053
16118982
16052232
16112610
16095879
16099455
16079766
16151343
16033902
16110132
16112598
16070046
16109736
16029267
16134003
16070880
16109895
16098255
16100865
16072197
16084290
16094919
16058628
16036824
16168746
16050201
16096584
16061823
16209693
16077492
16108914
16074042
16096713
16099590
16154547
16021536
16115796
16045629
16133661
16104585
16040097
16128570
16073067
16112184
16031469
16128222
16071912
16073097
16097046
16105578
16028625
16187310
16041558
16089954
16039173
16183620
16075716
16110495
16097664
16153620
16081290
16112913
16101216
16086558
16072446
16118619
16092132
16037604
16077741
16130034
16256676
16036293
16198347
16063167
16087203
16103043
16050798
16024680
16138302
16081269
16104303
16098045
16197906
16064247
16104813
16022712
16138677
16101579
16111386
16090998
16649076
17034561
16573155
16222515
16130217
16094625
16123260
16088643
16023834
16172373
16047990
16108011
16101225
16188558
16073184
16061286
16066899
16098114
16059252
16174779
16031700
16128390
16047429
16191870
16063155
16105824
16074405
16150239
16040916
16134552
16069203
16043805
16127505
16109232
16137957
16024794
16114836
16090008
16121151
16055748
16165266
16104729
16066914
16087692
16084614
16062696
16097592
16087608
16099587
16054746
16204308
16055181
16100100
16045446
16287381
16048905
16139676
16064934
16068879
16164096
16064589
16284633
16138137
16157844
16105338
16102674
16035120
16129230
16093107
16059054
16038105
16118802
16061058
16121100
16099467
16099884
16046451
16159143
16097193
16095906
16028310
16173900
16055661
16113312
16073055
16026537
16148007
16043385
16117803
16054968
16120392
16109076
16104282
16029798
16129218
16135365
16054758
16036365
16124463
16056072
16173051
16035516
16148220
16042611
16157475
16102461
16088757
16048281
16177032
16039557
16130439
16018065
16083879
16153794
16149861
16132848
16044201
16115937
16051596
16142817
16031751
16062093
16219758
16062069
16142331
16151580
16063635
16133844
16022697
16157928
16055817
16163580
16097994
16092783
16043508
16136184
16109658
16129194
16050924
16085559
16209945
16052883
16073127
16123791
16149930
16056270
16132707
16029564
16064772
16141467
16076406
16032279
16073304
16097526
16129995
16027857
16145118
16043568
16158375
16031793
16156506
16047402
16150128
16112859
16059408
16066278
16045383
16195146
16035792
16082430
16074732
16157400
16052121
16303347
16034073
16042728
16095375
16114851
16039923
16091985
16121694
16109136
16041636
16106157
16069695
16148481
16112178
16137996
16042254
16150947
16101249
16042455
16086915
16034079
16157817
16041354
16108419
16086258
16151271
16118751
16070331
16089585
16089756
16066974
16195767
16720017
17263122
17253039
17489157
17154723
17005083
16744278
16516980
16592196
16330053
16628490
17319066
16454691
16308726
16418409
16277907
16090083
16091271
16036413
16170918
16056489
16144977
16143213
16086867
16039647
16165005
16088526
16122471
16016946
16196400
16075068
16034319
16121787
16096626
16102875
16125771
16158120
16038783
16091715
16166556
16147665
16021296
16074948
16099545
16100322
16106634
16131903
16030005
16191642
16103496
16172790
16043568
16189362
16106457
16110933
16102638
16127784
16088850
16113435
16074741
16090029
16134906
16110606
16157016
16046529
16193229
16149768
16135110
16105848
16057143
16128567
16087872
16069836
16095453
16128801
16205232
16090494
16140873
16104009
16149669
16046493
16677195
16071543
16133328
16084623
16149381
16029750
16081503
16219098
16046967
16065759
16095171
16235670
16049766
16167819
16051548
16117773
16042965
16185657
16027716
16075824
16551174
16478910
16120743
16259181
16186758
16111551
16039662
16144902
16042419
16149048
16093782
16095366
16116867
16095750
16132110
16042572
16088358
16092516
16125207
16053294
16136940
16034961
16125156
16042938
16102893
16023276
16060578
16161825
16091910
16049532
16095366
16129287
16124145
16032993
16167459
16027023
16173759
16051416
16140915
16051194
16105707
16173798
16044195
16074264
16094046
16135101
16048059
16103430
16075410
16158708
16044351
16125564
16019367
16057389
16098237
16139250
16044579
16106778
16114710
16121796
16050186
16158846
16079829
16149711
16051365
16150317
16054968
16066506
16164852
16043538
16061352
16061583
16189671
16059063
16076652
16099260
16116732
16040868
16058001
16088436
16073784
16087260
16151016
16029105
16107396
16111197
16151100
16039614
16106994
16060494
16156320
16037601
16123395
16064094
16128507
16120830
16087266
16066164
16036461
16219095
16046568
16084557
16110141
16156617
16094820
16123272
16068939
16173699
16084632
16148928
16029978
16102323
16073019
16161078
16103001
16105851
16126338
16139091
16031511
16050558
16126977
16065258
16087989
16102695
16079625
16081434
16125432
16111800
16066743
16159743
16154283
16092831
16056873
16093233
16113648
16052241
16112022
16068975
16110390
16095339
16164201
16034892
16109256
16109736
16169730
16039107
16024218
16160337
16093866
16720182
16964196
16323498
16248762
16079316
16098072
16096473
16075716
16165896
16035165
16071114
16026765
16155471
16045620
16072947
16081068
16138524
16078731
16161036
16000236
16108371
16107552
16157430
16039806
16114860
16125975
16088112
16070922
16033452
16126092
16103730
16090080
16093074
16107918
16074651
16099341
16079862
16050318
16025787
16178841
16027428
16075836
16086201
16131348
16050549
16097697
16061811
16138137
16098708
16176324
16040850
16098375
16058295
16113756
16134363
16028067
16103457
16105176
16130397
16042401
16157736
16064259
16099989
16078644
16067355
16025250
16196832
16138668
16097139
16058844
16180842
16069593
16095075
16091547
16099644
16091667
16172286
16072035
16093722
16072173
16114254
16120920
16036068
16122723
16081875
16098225
16040250
16140285
16083855
16099326
16091370
16068717
16045344
16128258
16096269
16086747
16099143
16197183
16056846
16090881
16035297
16141368
16084935
16158708
16063809
16116495
16065114
16103361
16104894
16027455
16052523
16141419
16095156
16034484
16151124
16076199
16085175
16022835
16116567
16042611
16148496
16084308
16071771
16054644
16141014
16120983
16208463
16020693
16175553
16046478
16146675
16078161
16060455
16098165
16049787
16135650
16021104
16117197
16108530
16224582
16037859
16090107
16176285
16129266
16039752
16130829
16075062
16095912
16105848
16142232
16055316
16166574
16094403
16105908
16044924
16187862
16041966
16121919
16073334
16134249
16101402
16038138
16146558
16024215
16118907
16039734
16152309
16031541
16073898
16181721
16050642
16039893
16126158
16081941
16121271
16029210
16135824
16043418
16159395
16099557
16095588
16039518
16140366
16109703
16117509
16023207
16211760
16154277
16046085
16092972
16087419
16114431
16036104
16151631
16048473
16073868
16137723
16069386
16020231
16077879
16119000
16112403
16040496
16166052
16041708
16816860
17110527
17113662
17819748
17220906
16944099
16827624
16681956
16273137
16282389
16683168
17464071
16467036
16126080
16356879
16122819
16151502
16027638
16165878
16142736
16108965
16063422
16188594
16061958
16131906
16135749
16021773
16098741
16161126
16135674
16027101
16082232
16168287
16129554
16083498
16192455
16074975
16098177
16102485
16214859
16042887
16145166
16129677
16112043
16034961
16252056
16102356
16108476
16034514
16210926
16087887
16129410
16119744
16040100
16127421
16140069
16131738
16033758
16110897
16155744
16096836
16041918
16164597
16088979
16090827
16101099
16064262
16068570
16211082
16104309
16089333
16040364
16222860
16110249
16095951
16055832
16155366
16093239
16189509
16029888
16062231
16130424
16102707
16108308
16024557
16100778
16141470
16111029
16100046
16088313
16117071
16084299
16091697
16106979
16027989
16211706
16062015
16141053
16115112
16135545
16109592
16398396
16391268
16415037
16056123
16154196
16037529
16139676
16098228
16020795
16141101
16054704
16101423
16048395
16096815
16028184
16136493
16148439
16065741
16033830
16055436
16074933
16085787
16044786
16131180
16057968
16172952
16080621
16107597
16048521
16128012
16098420
16114707
16020429
16107441
16127490
16036176
16076892
16100259
16108080
16066554
16169967
16027989
16086945
16091598
16122957
16028727
16065828
16191006
16088652
16050717
16150584
16036251
16180401
16031958
16153626
16032810
16145208
16096974
16104333
16035603
16032522
16195851
16030758
16063029
16105179
16117740
16083081
16198503
16042785
16093962
16094238
16067922
16042053
16075743
16124307
16119372
16049514
16106736
16074546
16153497
16034649
16166961
16043904
16128666
16060161
16135356
16043013
16032417
16197990
16025424
16070349
16101570
16125021
16061625
16079370
16066986
16055043
16114890
16145031
16019187
16074132
16068336
16180929
16057446
16104141
16090515
16172703
16032018
16113483
16087338
16121670
16058793
16083108
16080888
16032537
16199280
16029819
16080747
16053204
16171494
16049550
16074114
16106013
16062018
16092468
16078428
16066566
16087776
16080282
16466340
16049019
16177347
16061988
16285257
16090038
16101417
16062582
16158507
16040481
16111776
16064775
16075356
16110816
16112568
16077171
16045932
16205757
16067067
16091601
16660668
17131191
16245150
16067178
16230036
16095177
16066107
16124847
16049139
16108626
16082004
16160169
16024344
16105854
16129656
16124223
16100862
16090914
16092168
16143303
16159557
16085634
16089903
16079043
16139523
16044726
16073709
16041165
16184892
16036899
16126239
16093974
16088457
16046649
16076532
16089549
16083348
16094622
16144473
16014054
16113096
16041228
16184124
16050189
16105800
16061394
16114797
16068423
16074153
16151952
16081752
16095939
16098348
16098627
16024143
16189281
16042029
16047582
16068042
16140114
16063818
16095843
16091007
16097334
16108215
16163142
16038330
16099281
16065558
16166022
16033014
16102197
16082649
16082538
16106556
16035318
16129536
16076415
16094526
16241652
16095438
16041921
16134651
16111374
16054620
16025661
16110519
16044777
16089723
16091226
16112154
16097943
16099554
16071903
16113630
16063308
16176243
16046817
16067583
16029225
16130361
16102293
16040064
16149051
16083804
16096473
16051302
16142208
16031106
16115211
16082826
16057188
16069914
16153518
16044519
16103487
16038810
16153683
16099593
16110039
16087563
16112043
16159329
16126038
16077288
16059993
16052289
16141296
16148724
16025001
16089825
16093203
16115799
16049742
16115178
16031781
16145427
16093146
16057578
16036131
16181814
16102278
16102341
16029270
16125789
16089648
16088232
16022148
16153632
16055394
16128030
16051968
16018818
16105686
16139523
16081188
16029543
16087572
16110357
16109676
16050897
16107147
16042335
16135866
16209144
16140786
16032354
16128645
16103121
16112592
16037292
16096173
16142385
16097736
16029051
16152552
16069464
16147623
16185900
16026345
16094778
16101270
16145007
16033578
16073919
16134666
16242309
16045221
16071384
16071432
16134771
16021200
16138170
16031100
16183452
16089708
16128549
16034898
16100649
16138089
16121061
16010850
16116531
16042182
16145232
16651611
17119182
17217066
17110623
17164797
16895880
16841814
16624860
16378908
16590936
16712976
17524545
16477827
16530147
16420908
16300152
16174854
16207455
16035816
16141536
16088694
16106925
16167306
16034559
16105905
16031139
16227921
16099128
16066569
16093383
16106892
16102659
16137726
16031115
16152552
16122693
16160022
16028760
16159305
16098180
16135203
16084368
16172595
16030965
16174137
16098825
16064904
16111152
16152582
16108557
16028637
16141815
16151331
16119588
16038351
16255041
16341915
16251681
16083207
16230891
16040754
16146333
16178964
16098126
16016196
16237158
16073298
16105806
16080024
16147422
16106664
16106622
16127721
16077507
16044855
16226373
16105770
16034145
16116579
16173069
16099977
16023645
16171953
16040451
16135467
16114602
16109436
16065684
16106328
16148049
16091610
16026504
16173282
16083015
16109865
16108122
16143510
16070625
16118922
16149423
16070709
16091922
16837839
16233057
16120581
16165752
16209900
16083975
16021116
16187922
16064805
16195719
16043868
16115544
16043049
16203897
16092279
16069272
16030491
16139172
16088145
16201899
16030023
16155891
16085115
16139793
16087290
16131243
16072062
16086318
16103559
16030326
16074039
16150818
16083492
16019118
16091493
16120023
16098867
16049358
16111917
16049838
16118763
16057677
16120941
16032609
16137846
16083915
16109571
16026441
16153707
16160382
16089348
16037952
16143987
16063509
16054287
16141362
16039830
16051419
16097154
16154346
16019349
16134507
16130157
16107696
16026087
16050891
16081233
16131987
16046184
16143435
16052502
16144698
16109742
16120290
16028946
16102641
16153251
16116381
16026096
16150542
16076925
16051935
16094943
16087746
16065726
16068582
16142880
16017381
16101765
16100901
16118139
16041366
16057779
16076943
16144227
16041903
16144116
16044330
16155357
16047216
16174815
16040373
16163127
16112880
16120557
16034241
16053516
16152867
16064190
16104867
16114614
16116039
16057335
16170114
16017753
16094163
16080549
16132740
16054251
16080360
16120137
16201257
16050363
16118376
16073031
16149552
16050312
16160142
16166514
16132926
16106730
16418967
16387005
16107408
16112676
16043868
16093596
16096458
16111389
16060134
16139967
16071330
16106379
16097367
16150761
16029810
16076055
16075767
16888497
16662606
16345803
16198722
16164327
16033206
16156716
16058178
16124595
16029066
16153095
16053267
16125108
16105518
16100088
16027581
16064331
16155330
16059684
16049715
16088094
16120713
16040574
16156917
16050558
16102149
16062192
16108494
16040376
16088199
16108731
16118895
16136808
16115751
16106214
16123596
16031241
16142055
16037823
16139631
16055997
16142466
16050825
16065651
16141824
16050204
16078977
16099479
16233786
16042311
16086960
16081320
16098471
16053084
16119876
16033113
16129665
16077645
16197906
16035390
16110402
16115418
16126479
16041864
16122570
16156254
16144914
16051197
16101252
16066494
16076688
16151670
16045497
16083897
16025037
16246302
16046121
16100994
16085724
16092084
16044372
16079919
16071003
16082709
16092387
16137999
16038774
16120455
16126431
16098246
16032600
16086876
16070964
16161978
16043322
16079784
16105155
16073601
16085517
16114749
16081506
16028505
16211862
16044666
16091955
16031814
16150143
16059129
16073001
16082385
16102140
16085526
16152762
16013430
16120671
16076598
16173381
16055688
16103178
16096650
16158975
16037196
16019778
16146669
16079814
16090203
16088646
16074045
16037148
16145880
16088364
16073550
16025793
16147500
16050441
16062180
16095195
16114155
16072773
16151406
16107300
16098882
16051287
16177347
16045707
16104717
16037010
16231077
16085397
16020474
16138605
16092111
16091709
16110114
16089906
16031058
16132353
16077501
16054092
16045773
16179333
16034001
16082745
16038405
16164450
16102566
16107711
16094358
16120629
16142250
16162749
16095339
16093938
16041558
16130922
16133529
16028517
16149369
16106088
16100436
16041477
16130784
16030185
16144299
16104990
16047918
16167657
16093584
16099590
16075272
16033620
16162764
16102965
16116678
16024503
16170771
16056873
16107057
16080702
16091889
16021395
16199994
16109895
16036233
16091907
16793409
17237820
17244777
17435613
17003070
16956426
16761060
16744938
16372722
16403241
16628055
17542677
16512921
16306287
16463943
16287528
17019993
16326792
16313760
16247454
16285998
16137285
16102614
16264416
16037925
16135572
16104429
16105740
16060470
16106751
16081536
16120224
16101081
16155486
16018260
16173375
16073292
16174224
16061328
16151322
16058013
16163568
16087248
16129113
16068897
16132614
16109856
16073073
16147080
16021524
16215450
16033218
16147107
16045878
16121850
16160664
16072176
16100997
16136628
16082418
16111872
16076142
16148844
16082769
16158009
16067412
16105431
16124880
16181808
16047942
16080144
16098741
16134342
16099803
16156407
16099617
16065717
16128327
16146327
16091367
16055211
16142013
16116048
16036233
16100790
16167642
16050975
16098504
16138902
16089537
16092750
16229454
16034133
16088721
16063659
16248468
16033284
16070439
16159992
16097076
16097175
16401576
16377117
16284285
16107141
16126179
16106790
16095078
16155957
16050336
16036464
16036905
16166328
16063281
16074969
16090254
16123275
16055016
16192665
16094361
16095705
16063119
16162143
16035534
16115415
16097436
16060488
16108836
16018887
16105938
16064784
16129896
16093881
16096887
16052184
16103814
16101222
16050132
16044498
16179684
16048449
16112328
16039380
16192677
16065066
16116258
16091886
16106250
16077123
16172187
16034916
16099518
16089036
16102371
16098324
16033782
16150317
16146786
16119465
16027122
16136844
16083813
16069785
16095528
16083585
16035078
16163883
16091877
16107525
16041954
16186776
16063905
16109136
16087641
16091661
16081116
16194717
16085880
16083168
16110600
16105584
16092936
16031007
16073610
16139103
16123659
16034376
16150869
16075497
16075761
16104762
16060284
16013709
16133283
16086477
16105857
16040286
16195308
16042485
16103745
16049562
16153773
16079976
16114542
16084281
16088412
16142109
16064562
16136499
16031967
16100628
16131978
16176531
16019997
16134723
16078002
16081134
16045827
16129362
16021635
16149174
16092255
16094616
16040550
16134648
16108506
16105719
16019232
16140924
16086969
16246302
16061559
16122945
16125702
16137483
16188123
16026246
16079223
16146042
16142697
16046868
16097496
16139091
16072761
16041882
16116903
16029150
16147599
16051608
16221933
16612596
17077587
16347090
16172796
16113051
16191588
16067997
16082226
16028595
16202121
16101483
16111287
16097163
16033008
16126635
16056117
16130229
16034757
16137186
16167414
16107852
16043280
16116105
16090632
16074825
16035276
16121241
16081161
16163352
16088196
16109979
16041405
16148400
16085325
16080429
16038534
16190514
16064748
16082169
16073610
16089528
16142583
16046199
16121103
16036086
16135365
16097829
16100574
16046172
16064259
16142655
16055439
16022943
16137159
16062870
16125201
16040718
16153962
16099125
16139952
16098936
16100481
16019616
16190715
16048080
16049577
16109556
16062804
16136703
16026303
16140465
16035783
16142088
16064790
16132077
16026249
16059114
16150023
16070841
16045935
16091796
16097532
16137756
16030629
16264146
16022751
16134315
16106115
16091367
16030863
16146636
16094142
16053618
16087914
16080255
16115313
16024680
16093512
16063110
16152768
16054080
16150944
16036380
16068897
16096488
16127247
16028502
16101216
16118946
16128459
16050906
16154415
16117926
16143843
16043550
16142454
16031970
16110918
16110774
16056021
16077996
16037340
16188159
16051305
16076976
16072512
16136727
16056222
16083663
16068822
16057038
16151508
16180638
16061193
16121520
16117920
16123053
16046400
16083483
16179435
16134918
16049082
16157646
16031817
16107462
16102005
16092372
16119639
16033824
16168827
16037904
16109250
16103577
16119456
16053813
16065207
16068927
16075686
16098591
16187169
16023210
16089636
16067940
16173513
16044891
16113882
16109016
16163667
16087515
16120743
16079910
16064958
16107936
16137648
16057743
16035504
16191762
16051536
16121073
16010832
16165371
16050465
16071243
16139253
16066041
16100580
16178652
16069611
16124727
16075641
16232856
16028418
16093884
16068876
16180050
16049124
16109466
16074084
16068564
16112280
16100382
16074093
16031910
16167654
16094157
16939755
17328426
17058837
17171955
17225664
16954563
16599231
16461690
16424112
16576530
16776501
17377683
16609029
16374582
16388274
16361730
16422480
16113936
16096911
16124697
16066530
16189251
16191765
16029402
16094652
16127094
16163553
16109538
16094439
16127658
16157958
16070214
16155966
16039611
16129647
16129848
16164030
16010979
16033752
16220184
16055208
16069869
16087941
16129017
16069152
16174620
16073673
16117077
16080741
16142985
16024497
16070379
16116204
16153959
16024617
16151097
16132764
16115745
16115937
16126515
16087197
16157637
16103961
16141218
16025862
16131807
16175349
16047927
16131876
16151643
16195485
16054275
16137741
16103151
16115268
16087593
16229733
16145184
16239366
16092474
16127841
16031622
16134369
16088358
16148529
16060056
16097478
16065543
16225473
16049604
16157754
16059549
16149282
16072707
16100736
16128936
16038039
16190091
16107801
16088706
16054698
16551888
16353336
16161381
16171509
16138854
16040595
16146684
16033881
16092027
16100208
16189950
16032870
16120854
16132260
16115256
16036563
16117542
16065876
16210002
16038882
16080894
16108017
16062369
16144596
16044198
16070214
16055898
16200369
16122882
16053435
16083804
16089645
16048326
16059768
16075011
16094688
16109967
16160616
16029414
16167711
16048122
16165494
16037364
16101195
16085655
16172472
16025889
16087281
16104222
16074756
16108068
16093986
16155081
16012638
16213977
16047336
16054659
16080930
16144476
16056216
16081341
16076454
16095927
16094808
16095540
16086192
16113663
16247190
16190751
16034268
16113201
16180350
16179456
16115394
16044735
16167738
16067583
16098564
16080861
16092033
16034112
16114599
16086594
16054743
16036188
16146474
16056405
16187355
16088844
16131480
16042959
16110096
16060827
16105584
16083582
16123035
16029594
16095471
16033101
16170072
16059462
16033071
16161747
16117077
16151322
16027296
16134648
16074000
16103259
16109229
16044951
16031373
16221489
16046016
16077810
16041771
16223346
16324761
16107195
16103205
16101804
16140930
16123470
16068933
16105044
16044207
16156908
16067463
16010583
16269597
16159152
16160196
16030251
16112874
16064736
16111734
16097136
16078395
16038849
16117965
16095639
16099029
16037013
16168932
16045635
16108440
16035216
16163481
16096944
16693461
16634517
16339176
16260423
16316577
16236519
16109343
16070073
16095900
16104285
16020060
16127556
16099578
16090035
16033707
16140759
16082928
16097520
16076880
16062900
16029801
16195950
16037238
16088463
16058571
16196088
16053039
16122027
16087863
16098369
16088970
16117626
16065744
16096929
16095291
16113099
16087761
16003587
16080912
16139259
16104168
16038786
16143630
16057233
16097244
16097451
16059882
16040988
16138944
16100148
16091637
16069299
16182594
16067358
16154847
16018479
16188981
16057626
16170846
16068264
16076973
16081557
16093983
16115361
16022343
16156875
16075602
16100439
16033092
16148643
16075104
16075236
16041381
16125534
16017606
16102314
16109277
16091037
16031724
16135725
16105602
16101087
16021722
16222290
16090527
16124310
16062849
16032261
16130928
16047615
16128183
16038762
16111722
16095321
16120464
16150206
16058154
16131288
16063515
16030785
16131153
16062375
16102557
16054659
16140765
16041408
16133478
16102917
16084614
16037166
16169541
16036269
16180686
16018818
16092765
16128747
16048995
16138881
16025535
16138062
16052865
16152258
16028907
16054794
16141533
16080561
16032681
16084092
16132980
16113345
16040910
16129407
16053312
16136619
16108191
16080333
16459011
16392912
16095711
16194072
16019574
16089396
16148601
16065810
16074483
16075590
16132821
16057437
16154685
16029579
16084191
16147230
16061862
16039389
16071432
16109961
16105296
16028421
16154853
16048134
16162440
16039737
16130487
16036560
16141269
16103253
16113984
15997557
16074066
16202418
16050219
16077810
16086669
16114254
16068483
16159122
16029927
16056366
16111518
16109994
16029447
16093434
16112301
16128207
16039035
16108392
16250133
16151271
16046577
16143333
16047828
16137990
16092990
16099110
16010028
16032075
16185342
16040211
16066980
16074786
16131330
16047477
16096659
16081251
16074012
16798638
16804956
17048454
17814516
17176155
16865250
16815213
16673139
16438575
16493373
16750461
17485938
16483887
16304481
16490274
16113120
16073652
16073589
16111944
16115304
16047414
16129560
16112667
16150182
16103778
16151991
16041651
16151850
16092663
16166556
16030737
16164654
16164096
16092723
16044672
16159077
16125729
16058931
16124196
16088091
16100235
16093737
16196529
16029552
16082865
16163760
16081233
16027938
16122306
16058244
16157514
16049469
16183485
16035630
16151856
16132323
16097724
16030056
16105458
16183089
16085394
16065039
16105011
16108086
16117443
16214094
16039311
16078350
16162746
16131213
16027857
16065255
16156950
16149270
16031886
16088433
16078317
16150416
16127961
16135986
16040628
16130928
16220286
16166985
16014489
16184541
16100436
16086864
16111353
16084899
16129272
16129209
16074039
16101198
16204869
16125786
16157157
16023414
16126143
16089186
16111650
16411188
16291014
16288464
16106025
16093479
16162209
16036491
16155294
16042512
16147902
16086180
16135794
16097544
16101858
16022160
16032561
16226307
16038048
16061496
16107264
16110822
16076457
16121223
16082211
16086408
16077081
16127472
16029015
16059243
16113792
16089240
16059924
16106559
16088112
16163463
16038069
16156323
16031250
16146453
16053534
16235754
16024818
16035093
16212489
16032564
16067961
16109760
16126167
16061862
16097109
16084284
16084029
16053804
16135575
16037127
16064931
16067130
16161678
16051785
16104099
16075818
16152147
16035120
16109886
16089174
16143960
16095207
16111119
16048656
16021218
16206192
16036692
16048548
16037880
16166184
16100457
16087263
16093416
16168962
17115594
16245303
16056840
16061526
16165941
16113576
16039536
16115313
16119480
16119777
16044018
16095831
16074633
16177488
16035747
16158279
16039176
16102461
16105377
16105938
16072236
16027227
16196073
16042311
16102476
16040469
16153242
16044594
16048839
16074000
16060356
16088427
16139250
16040226
16114512
16073364
16169490
16031670
16095756
16073028
16159110
16047666
16090131
16077726
16065450
16131963
16100190
16063926
16043766
16143489
16233237
16114821
16112973
16213749
16046916
16044507
16082325
16112430
16050258
16081191
16177485
16142190
16091805
16175097
16039992
16103985
16060413
16168104
16043787
16117983
16633938
17080068
16325901
16237515
16036458
16091448
16094262
16107645
16098678
16085421
16160067
16040808
16084341
16029312
16176159
16036992
16049289
16095693
16097415
16127970
16168611
16002372
16118037
16102701
16159965
16036638
16104555
16125297
16132122
16033134
16043607
16124619
16094778
16087032
16099863
16070982
16134954
16117515
16093503
16086207
16030986
16155324
16033689
16048251
16097253
16116333
16062183
16099236
16065327
16119777
16093002
16178589
16039944
16116771
16071600
16173615
16049907
16008366
16280184
16105377
16073220
16035420
16151577
16069575
16122120
16124430
16065915
16038828
16189929
16046529
16064838
16056174
16178358
16049712
16124706
16086123
16102284
16090452
16106112
16063080
16096185
16065531
16170840
16038015
16032885
16142544
16110363
16084890
16033593
16122534
16089795
16115565
16087890
16067901
16034712
16182831
16084347
16083645
16052040
16182735
16062597
16105836
16041864
16151886
16098507
16117260
16083009
16105605
16072860
16139577
16063797
16024884
16082382
16152837
16094784
16026045
16133541
16064418
16095192
16039872
16100160
16085652
16127157
16090527
16063380
16046019
16226274
16115160
16115277
16071324
16163421
16095006
16210494
16087950
16119387
16077822
16096962
16125285
16040046
16221783
16159335
16087896
16039710
16099602
16142277
16110051
16024128
16107891
16059033
16081335
16095063
16062375
16047528
16163628
16091793
16103790
16043616
16178751
16042446
16139148
16021935
16158876
16081806
16042620
16177518
16035798
16111653
16056738
16146552
16039557
16109484
16184913
16122168
16034205
16122288
16088181
16096017
16045917
16132674
16034847
16140468
16109412
16093809
16043565
16135575
16103427
16223727
16028685
16155126
16076157
16035003
16123725
16056408
16101717
16057920
16135377
16022163
16092060
16138404
16094508
16036257
16043751
16130820
16093455
16030944
16760883
17090067
17209467
17894202
17162382
16868871
16752666
16539045
16540653
16242714
16612062
17441916
16537641
16462482
16271721
16191483
16256319
16127196
16152786
16065756
16191483
16055574
16139838
16063194
16098642
16090164
16177479
16110129
16109421
16091685
16109169
16094409
16119588
16072164
16137651
16207626
16058046
16149036
16064517
16159869
16032384
16107858
16128570
16138536
16075431
16168158
16029972
16195113
16127130
16182906
16017441
16156944
16147737
16104312
16122657
16173954
16051200
16054158
16144941
16068552
16082451
16154355
16120602
16031403
16183266
16129590
16119861
16024203
16073919
16079232
16117209
16157082
16157106
16034673
16151004
16165695
16113417
16032141
16158174
16162284
16113033
16024866
16212345
16069407
16041684
16203102
16053141
16100082
16191804
16079265
16024308
16096293
16178538
16102626
16142190
16163190
16078362
16077396
16146324
16112667
16021869
16440867
16428456
16190454
16136316
16218558
16047234
16116486
16046973
16143027
16191714
16145994
16062426
16051422
16121238
16069947
16140705
16016049
16089795
16135719
16137903
16021032
16060833
16136589
16077495
16039944
16090932
16018344
16153449
16095792
16157199
16056465
16137636
16115886
16086633
16036320
16149015
16122102
16101540
16041924
16098774
16129488
16054785
16135332
16037244
16103040
16148727
16108218
16036707
16073103
16126194
16088763
16030962
16112961
16026960
16165347
16029750
16164690
16032054
16140966
16107564
16113144
16040001
16143555
16097586
16056192
16065294
16079889
16115412
16067478
16137351
16032063
16106172
16046274
16106250
16025919
16072902
16115904
16088403
16195566
16086339
16134594
16132482
16029474
16160112
16047558
16138050
16039770
16147683
16025754
16124382
16100232
16036869
16095126
16111665
16112046
16079538
16090995
16065300
16142511
16055568
16157343
16018746
16073376
16075875
16136889
16049061
16080735
16120875
16123929
16039365
16161846
16057308
16152873
16044753
16152879
16048863
16138044
16102458
16057548
16086348
16048578
16243866
16049112
16098975
16087617
16162578
16059747
16091379
16079412
16067727
16225044
16091409
16091409
16117803
16126884
16129629
16042185
16095885
16080000
16227129
16033734
16149114
16055571
16145718
16034439
16096779
16076517
16048839
16188189
16045143
16670265
16977078
16510938
16143600
16159341
16071753
16126407
16059660
16116954
16033914
16063677
16101924
16114932
16031649
16118301
16127247
16128669
16081383
16091160
16095267
16238337
16051809
16128489
16037127
16066677
16167534
16041246
16067073
16031058
16205208
16049913
16098012
16094577
16110078
16059384
16044066
16080405
16069104
16076151
16112421
16030185
16119129
16181859
16114662
16022871
16087746
16082271
16299375
16052754
16152324
16016430
16078164
16115823
16112109
16057107
16035123
16210749
16062303
16086417
16029381
16156710
16046175
16063068
16077612
16086732
16102251
16143729
16013841
16108380
16064085
16187190
16039884
16091565
16089108
16201821
16061880
16043823
16110045
16154187
16093854
16079253
16098873
16053975
16120443
16118010
16103694
16052559
16157019
16051653
16063821
16080420
16213635
16054857
16115037
16090104
16121142
16077504
16171353
16040634
16102551
16081494
16194657
16042644
16036926
16129251
16108308
16093188
16098105
16078185
16076160
16144470
16083009
16062462
16029945
16145058
16046118
16056132
16027461
16172928
16052184
16118475
16088259
16128885
16084968
16181571
16069557
16096752
16073502
16176036
16037136
16021242
16157634
16301070
16147860
16029942
16119711
16077279
16112352
16100379
16133034
16039650
16121919
16109148
16052850
16037004
16134180
16056672
16114464
16025370
16162914
16093311
16108815
16065477
16092813
16074471
16170387
16040676
16011453
16093848
16145673
16078092
16031076
16148709
16065213
16103877
16044348
16086135
16014456
16116360
16104678
16081068
16041129
16182027
16063911
16097973
16024530
16168047
16078185
16116393
16065273
16116609
16063443
16078494
16141920
16027086
16060314
16284990
16078992
16031232
16095507
16124991
16097541
16029711
16280418
16148691
16138119
16082562
16061847
16053120
16152234
16106259
16101675
16012779
16121553
16097001
16842690
17203713
17224116
17307474
17246325
16802289
16790994
16436286
16401846
16623966
16974060
17336052
16504794
16460595
16330974
16397088
16319052
16170561
16154142
16045011
16097619
16090551
16243074
16086273
16043838
16145844
16128414
16082634
16083861
16106967
16012368
16164579
16161141
16058727
16044075
16233444
16053171
16069386
16019628
16217997
16079844
16128111
16126140
16095840
16066905
16243314
16207851
16090176
16097088
16208850
16048629
16035150
16199322
16082571
16090731
16092333
16156458
16078422
16183389
16086081
16075908
16051158
16227096
16026375
16061217
16095891
16168929
16045728
16194102
16079142
16160136
16089699
16193622
16089450
16122465
16094910
16193061
16032405
16105494
16098912
16150242
16069527
16403283
16182003
16060971
16189017
16108314
16075008
16123188
16324890
16105869
16045905
16094679
16181901
16037229
16115763
16031526
16188570
16130805
16117152
16178655
16547544
16563891
16161405
16025307
16124901
16070157
16142937
16075641
16037337
16142118
16090662
16091637
16044015
16144329
16058091
16108047
16110141
16058496
16031700
16126695
16112049
16085553
16039293
16188117
16063734
16113954
16087470
16088667
16096527
16099710
16067664
16114464
16088505
16097676
16094865
16035171
16068360
16116870
16103418
16022211
16135470
16078371
16078815
16111083
16104768
16028430
16140066
16086756
16111956
16032357
16202322
16065378
16118913
16036683
16188288
16057146
16099407
16080504
16113144
16087119
16070607
16152540
16026585
16146639
16084137
16120149
16023660
16147965
16090185
16094802
16041039
16123497
16070754
16085508
16157754
16082631
16046901
16144320
16099098
16101198
16032801
16188267
16054158
16119231
16026924
16131990
16105170
16063800
16107132
16022751
16139403
16125492
16111863
16035528
16065741
16137798
16062696
16035195
16119684
16060656
16111362
16036080
16132527
16044888
16156200
16109352
16096827
16029921
16189995
16054236
16122744
16021635
16077021
16136364
16049928
16122639
16037187
16137531
16049172
16208157
16031433
16058661
16142286
16072614
16030176
16085655
16118463
16101729
16028793
16286799
16025112
16341330
16153434
16105083
16053852
16107399
16103028
16123938
16004064
16092030
16138488
16045467
16087065
16082991
16136541
16078179
16159812
16025841
16067220
16835613
16778547
16295022
16207773
16239966
16063398
16148754
16136805
16062480
16131630
16028706
16152387
16034313
16166889
16094502
16106478
16087734
16160451
16081263
16075323
16057950
16067442
16140075
16045233
16132053
16035972
16142850
16083405
16143531
16029456
16064097
16236963
16069821
16037649
16152894
16097157
16115163
16102512
16142775
16044522
16149345
16099434
16099791
16027374
16220508
16085241
16037904
16068312
16123971
16095615
16043790
16084029
16079334
16152663
16052418
16135887
16040124
16055235
16097856
16123749
16029510
16093302
16115805
16126257
16025160
16160721
16068849
16112973
16071252
16145085
16021044
16134507
16093158
16040331
16093977
16031895
16143600
16037136
16152789
16089159
16155843
16040850
16096782
16067559
16093473
16049541
16131582
16023489
16118505
16107528
16118367
16036581
16087359
16131060
16120395
16054278
16157655
16025187
16123290
16080744
16085451
16074432
16087191
16146204
16029747
16080654
16100121
16138026
16061073
16084266
16075695
16080378
16056996
16119036
16029642
16119156
16060869
16170654
16027119
16093962
16142292
16119585
16043334
16094499
16074474
16068690
16108497
16089654
16078896
16123212
16146783
16058982
16109955
16028325
16190448
16054629
16042200
16089324
16105590
16182915
16082745
16076379
16110591
16068765
16150203
16045413
16194129
16065954
16173933
16043949
16106865
16071453
16072065
16104924
16105896
16078026
16077699
16102749
16081983
16093452
16072188
16200786
16052658
16062108
16042878
16139841
16047153
16084092
16067952
16116816
16073385
16179657
16030272
16094808
16106574
16158597
16043880
16114803
16089987
16092756
16103871
16038276
16128783
16079148
16114365
16092873
16226754
16018479
16116588
16093449
16050033
16050366
16158207
16053465
16089012
16079838
16116408
16087071
16109781
16071729
16096578
16088847
16163871
16051521
16061427
16911558
17459193
17049162
17405688
17257614
17001234
16649706
16522674
16487478
16554993
16990959
17416803
16496574
16321332
16403313
16221759
16125147
16170750
16032267
16115043
16169334
16026927
16148856
16021896
16204194
16126890
16149126
16098618
16086555
16107567
16063554
16084653
16133535
16088925
16145529
16084194
16141875
16071807
16162224
16087749
16077456
16086603
16264305
16055484
16106748
16071846
16071519
16145193
16152408
16091058
16031373
16208697
16140300
16097454
16041549
16192410
16067076
16051959
16137294
16065147
16086252
16192416
16062828
16109799
16073499
16211334
16040460
16095537
16160169
16121505
16042797
16185546
16086885
16085514
16115202
16155660
16093458
16061955
16115043
16108227
16105530
16123239
16164921
16055439
16087137
16121436
16113921
16056078
16141470
16066572
16090611
16153464
16144242
16023612
16169361
16067805
16177671
16029273
16214211
16070721
16132944
16476864
16319616
16178016
16232577
16096368
16056093
16067730
16027779
16209498
16054059
16054974
16035372
16136616
16054740
16077075
16079610
16092006
16132251
16103556
16086681
16109262
16064766
16152543
16054365
16095597
16111890
