25580911
24511615
23503944
23122825
21863778
21726429
20756451
20461401
19823724
19471683
18865476
18689251
18041491
18021170
17359559
17387469
16824393
16640159
16442630
16040886
15981712
15484618
15428596
15197432
14844617
14885842
14506268
14304268
14386393
13906002
13852670
13791819
13431456
13438916
13340619
12971195
13012449
12982739
12621044
12577960
12587538
12209145
12217551
12207441
12027879
11948979
11885967
11734083
11544201
12006405
12004827
11799630
11530938
11721702
11995353
11894604
11610219
11545677
11871687
11951037
11787840
11530104
11540646
11979630
11973240
11649645
11590620
11721627
12054603
11892981
11561490
11530341
11541279
11529108
11425929
11217768
11220315
11271942
11215680
11273787
11270709
11221749
11218950
11273823
11268360
11242881
11246496
11220351
11274141
11269455
11218566
11268282
11218257
11222004
11320104
11227167
11217117
11270937
11243253
11246667
11276361
11215620
11217978
11325465
11270979
11209488
11277825
11219202
11274141
11275047
11222973
11215275
11270982
11270604
11221215
11275014
11222820
11215701
11323587
11212161
11221689
11442789
11218338
11267355
11271591
11215452
11279247
11280324
11272686
11221512
11278788
11214252
11215416
11314896
11217594
11214360
11373927
11222922
11274927
11277783
11212107
11272563
11271387
11271438
11275179
11218878
11214243
11317266
11223177
11218542
11268228
12115182
11897061
11552133
11303400
11207766
11266461
11273262
11219772
11268630
11217990
11215317
11330466
11368878
11220249
11275419
11223420
11273523
11265798
11250666
11242011
11273811
11271441
11220807
11273916
11214663
11219673
11324679
11215248
11319810
11274519
11299341
11278920
11276430
11221806
11219076
11326728
11213802
11537154
11542557
11229633
11539329
11227314
11427831
11278335
11546298
11519313
11268798
11718948
11290845
11502732
11279847
11459040
12249405
11593005
11226201
11451627
12042672
11705202
11602455
11421855
11376021
11901858
11905452
11270214
11390676
11359509
12047916
11603940
11223420
11642766
11566122
12092700
11646444
11227140
11721078
11420028
12409398
11416041
11628186
11540721
11575371
12036213
11403720
11588148
11519625
12080601
11747307
11365719
11387481
11335242
12320982
11448438
11415420
11399853
11954214
11813373
11360094
11404611
11518530
12313308
11500356
11605791
11411265
11843769
11860590
11215356
11328336
11388816
11838369
11862189
11357898
11219484
11558703
12144309
11655762
11277618
11440434
11220198
12642684
11537976
11284011
11592663
12003477
11763909
11468031
11275299
11639715
12056088
11806824
11330163
11424882
11711433
12031797
11898381
11237121
11477454
11275446
11365902
11270742
11221335
12094005
11871612
11432685
11537493
11882331
12854544
12432618
12357948
12441408
12408477
12620112
12157533
12080655
12295080
12530025
11970507
11584701
12387180
11935473
11660325
11602737
11814207
11817531
11661993
11636520
11539374
11613126
11445387
11415435
11382222
11470446
12005058
11863290
11230875
11282736
11277612
12582144
12317223
11580882
11282424
11426100
11308056
11395176
11277612
11222871
11274777
11269029
11278677
11279073
11269230
11332335
11219589
11322573
11265681
11216922
11335098
11495886
11225727
11424228
11335218
11357424
11324976
11276343
11361075
11343642
11420592
11331786
11370771
11272149
11338470
11362761
11330025
11276610
11282769
11274705
11265834
11271282
11270298
11377905
11221752
11269998
11324463
11211174
11335629
11274597
11224050
11323986
11331120
11357967
11272296
11283540
11412927
11332737
11415456
11223087
11411679
11268348
11283627
11276667
11272368
11274636
11327706
11280216
11214249
11271810
11322927
11271543
11419593
11277669
11356416
11292720
11323722
12191748
11773074
11278854
11444931
11279739
11962641
11785785
11271936
11400138
11275665
12126660
11507820
11404851
11332371
11406420
12109107
11424942
11453610
11219517
11795958
11911419
11384370
11598900
11379468
11269314
11333157
11276271
11322885
11273142
11385315
11272476
11330163
11410080
11281794
11365203
11894088
11481444
11223612
11283213
11327907
11216328
11269209
11276844
11223333
11219760
11271705
11271414
11219679
11428575
11229384
11226198
11319495
11209749
11337675
11279034
11279034
11274258
11277576
11212827
11218806
11274384
11321136
11271918
11277930
11221434
11407230
11271657
11214405
11278632
11218842
11218203
11325576
11213793
11216772
11271033
11251065
11240412
11271411
11221521
11213997
11327496
11274747
11804973
12201144
11739351
11396607
11281221
11273400
11222424
11279049
11280639
11219247
11567787
12211239
11524149
11448942
11226138
11221845
11275386
11223096
11267415
11269992
11218059
11278527
11267223
11272797
11272503
11218689
11383785
11340636
11241348
11468367
11281509
11219820
11270217
11261850
11215896
11220912
11277696
11272089
11220294
11273514
11210925
11213964
11324835
11216349
11219706
11273154
11217801
11260383
11274486
11214651
11219316
11266632
11266563
11223804
11321523
11316306
11225160
11593377
11462724
11364270
11278230
11346045
11274822
11349534
12359004
11693019
11630025
11508555
11797614
11948826
11389047
11498712
11282232
11781516
11812491
11522760
11400525
11448057
11947080
11751069
11275149
11393721
11223558
12098523
11664300
11678277
12086580
11647008
11585055
11534334
11584461
11580090
11533245
11530047
11582475
11577252
11535675
11644221
11530236
11529294
11639274
11587356
11538192
11583993
11583906
11530107
11586318
11530845
11590212
11590464
11531247
11581773
11522316
11529642
11639409
11531163
11529705
11586255
11530344
11579103
11576226
11532105
11532597
11631282
11441730
11223981
11325669
11296605
11279052
11273637
11217681
11277555
11276166
11272380
11211204
11271906
11217627
11269659
11277117
11391465
11282445
11359491
11233476
11380644
11407506
11272665
11420244
11223414
11408277
11332977
11223603
11369031
11285547
11413509
11229648
11418990
11219613
11279787
11410407
11225793
11360445
11285742
11419854
11278380
11279514
11225859
11219712
11330886
11274954
11221203
11271741
11263623
11272878
11282676
11268495
11216832
11269182
11315484
11219151
11269680
11274405
11220936
11322423
11267814
12106935
11916336
11331858
11450445
11222664
11267799
11271462
11245965
11292309
11273775
11221959
11272389
11328096
11227416
11259441
11278671
11244396
11299338
11273376
11275173
11226027
11266518
11371599
11223036
11275122
11272410
11217357
11329080
11268243
11216787
11272869
11267166
11274465
11271513
11272635
11215407
11277762
11325507
11217246
11277090
11274309
11281140
11377656
11268132
11294991
11254245
11274441
11325444
11283195
11267730
11276421
11275014
11274426
11274300
11217111
11274408
11321967
11223591
11270682
11271732
11214429
11317827
11273943
11214822
11273472
11269155
11293458
11246376
11270670
11273367
11211093
11325465
11270340
11225784
11271942
11274621
11272641
11322756
11275110
11302698
11300631
11326938
11219064
11275320
11267967
11224560
11421555
11275446
11223861
11410524
11271651
11261058
11268567
11265240
11217504
11325789
11276388
11255496
11235561
11273595
11323020
11219709
11215965
11272698
11210721
11275734
11881872
12000099
12309270
12948627
12363390
12482154
12285282
12246534
12250989
11881272
11937174
11925999
12042615
12245319
11768265
11625423
11590830
11747559
11599950
11533677
11587629
11522172
11562135
11248368
11217537
11277648
11236506
11387274
11265459
11224542
11219133
11293890
11268285
11221002
11274360
11217903
11282022
11325339
11224380
11221665
11272899
11274966
11259006
11277513
11216958
11216232
11331276
11268480
11211990
11272755
11282100
11215380
11325471
11229450
11224149
11271645
11275662
11219355
11271855
11224620
11280024
11324031
11210553
11219454
11326134
11221659
11323395
11586828
12215658
11873625
11316786
11462010
11331504
11222934
11279904
11273682
11271195
11217276
11339778
11219793
11218098
11325831
11271738
11271342
11269701
12046926
11646558
11376546
11287467
11213793
11323092
11217918
11265525
11276580
11212389
11273352
11277204
11275974
11221866
11272428
11265993
11217348
11326332
11216319
11220438
11327310
11269740
11287410
11270607
11223264
11321601
11329470
11216394
11218284
11273751
11321253
11327907
11220873
11222241
11269596
11271528
11279955
11276871
11221596
11273496
11379084
11218173
11352702
11274810
11249913
11305656
11272518
11214639
11211963
11382285
11224425
11330070
11621895
12029655
11908389
11657289
11629506
11531268
12228639
12072453
11751192
11436918
11814531
11980383
11577171
11480484
11503383
11918823
12008217
11392422
11370936
11229015
11762532
11971290
11919360
11277864
11490462
11584770
12166008
12324459
11775789
11998161
12129615
11802027
11641212
11475351
11632191
11886453
11847321
11283561
11704860
11468058
12226803
11452593
11408097
11615196
11422167
12125970
11533425
11621250
11540172
11709999
11873850
11281356
11699541
11519616
11969823
11567121
11371935
11289090
11216295
11396568
11274414
11220879
11219376
11267955
11266110
11266929
11276532
11217513
11267868
11274546
11215974
11270358
11271777
11275104
11299806
11256174
11225907
11324370
11271780
11210808
11328132
11214822
11214981
11374680
11221188
11220951
11269779
11223360
11266185
11325633
11223846
11226702
11269236
11262246
11274144
11278365
11222565
11223729
11318697
11219634
11220657
11269980
11217618
11274075
12128754
11809491
11455068
11359464
11310786
11224059
11273202
11221059
11269743
11275437
11220297
11217051
11267478
11271918
11219541
11272242
11218440
11214507
11332011
11212764
11277207
11220963
11222454
11327025
11213436
11221284
11272251
11306436
11273001
11266986
11354952
11215776
11272884
11264775
11219631
11274081
11222409
11217510
11316354
11402601
11216763
11271897
11225484
11273415
11276355
11215614
11217600
11297337
11244348
11217924
11271243
11213187
11269737
11268825
11222535
11225514
11267511
11272764
11214405
11270100
11218518
11211426
11318682
11220348
11211420
11262141
11220870
11271138
11396871
11225493
11219487
11271819
11269368
11222553
11272725
11237478
11254890
11297898
11275299
11269689
11219097
11219127
11319045
11419443
11229972
11276328
11218932
11280267
11423286
11223621
11222283
11277081
11267742
11207214
11275848
11220933
11271756
11275368
11220099
11220162
11271663
11272002
11219103
11272266
11222418
11218470
11323965
11211468
11226633
11271453
11217870
11274294
11277048
11214318
11217531
11273577
11270283
11214864
11272869
11221155
11216859
11316543
11224476
11218548
11270868
11215866
11274264
11271147
11221131
11222184
11273448
11324664
11247816
11488176
12146640
11624760
11283756
11221779
11268864
11265402
11271840
11272356
11212818
11220660
11273598
11269947
11223903
11267898
11219208
11211027
11333247
11218107
11231034
11272107
11219664
11267565
11271588
11226654
11214207
11269500
11267451
11221791
11259804
11215239
11220624
11326182
11215659
11222220
11271288
11210649
11274384
11268918
11221518
11299947
11272803
11607030
12220005
11499168
11218932
11448933
11219730
11216313
11271798
11212764
11263017
11273172
11220666
11220324
11387253
11270484
11218161
11261034
11216319
11217126
11377194
11218182
11275041
11274114
11206899
11263626
11267541
11218791
11219295
11271630
11264142
11218569
11270172
11214390
11217225
11317533
11218680
11212005
11269365
11216757
11759709
12294033
12318747
12431418
12538104
12332481
12280473
12240168
11952471
11931942
11887761
11950275
12139776
12641931
11855118
11599488
11545302
11541207
11549112
11207943
11277315
11222520
11279904
11325177
11221875
11222466
11262522
11279493
11268453
11273481
11220126
11274387
11272560
11272449
11222205
11271930
11280180
11269968
11273652
11219832
11218992
11373006
11270223
11278941
11276454
11276928
11215977
11330748
11221536
11216793
11333778
11217525
11270451
11272152
11223024
11270958
11275341
11266557
11273805
11243133
11243493
11277369
11330499
11221329
11335626
11217762
11219028
11379252
11224113
11273121
11277660
11224767
11269644
11335806
11333817
11219241
11276874
11267241
11266866
11270550
11221773
11267796
11273757
11281845
11218989
11268210
11270892
11216652
11323068
11226927
11221275
11320593
11279466
11223627
11269128
11217129
11329287
11335152
11216481
11221716
11267118
11271771
11268966
11267961
11316657
11220561
11326749
11352627
11225640
11271153
11222409
11376966
11219994
11213382
11278362
11216274
11323296
11272599
11225988
11222859
11278077
11325810
11215950
11268066
11222466
11329998
11274651
11224539
11212281
11263179
11329551
11224854
11274366
11215089
11219409
11616594
12055419
11713602
11395008
11224077
11450145
11275587
11219712
11394501
11332434
11817243
11434221
11338971
11280822
11276742
11326575
11240622
11269440
11271756
11215854
11326953
11227425
11219034
11272536
11268150
11215896
11275179
11225634
11223552
11486892
12158094
11749800
11337576
11221770
11529768
11497350
11224290
11224254
11267907
11266032
11219802
11277486
11216778
11217771
11300466
11213403
11215155
11270088
11220543
11267406
11440383
11230953
11215914
11270520
11274417
11219154
11272557
11358822
11223348
11319927
11215053
11212983
11271834
11268810
11269851
11223654
11215641
11276169
11268081
11221860
11278356
11220924
11220942
11371857
11216523
11849919
11857374
11233095
11382171
11277834
11221614
11212476
11322288
11274135
11215296
11272143
11220060
11214189
11325516
11221347
11218854
11275035
11388930
11278986
11403996
11229966
11221272
11413860
11282106
11357676
11277972
11212218
11276481
11274942
11372871
11221668
11415831
11282328
11363247
11265102
11221446
11271165
11269641
11223876
11332227
11212854
11217036
11436741
11226318
11218875
11270067
11219310
11265129
11274297
11222037
11214543
11270028
11267751
11215725
11267025
11214393
11219793
11323464
11222979
11216805
11265804
11216742
11269623
11267391
11220885
11219706
11413539
11278458
11211693
11268594
11216763
11414580
11273322
11216082
11219595
11268972
11269743
11214336
11408802
11225460
11223615
11327763
11260647
11317107
11275653
11360472
11275380
11274216
11225583
11291553
11342028
11272161
11273175
11219628
11362560
11282529
11265717
11216589
11269518
11221932
11607498
11970594
11847891
11231364
11264424
11338149
11279436
11270817
11217471
11221467
11321067
11215791
11217522
11274207
11217024
11275257
11272248
11217720
11221452
11266467
11322540
11221053
11265756
11225592
11214009
11318901
11217693
11221305
11270337
11225298
11269695
11265282
11221188
11216895
11273037
11265807
11213619
11274870
11216328
11268015
11268876
11218434
11270583
11221578
11269761
11320602
11218521
11213415
11272260
11274996
11277447
11275773
11217192
11215296
11324505
11219592
11218530
11273136
11223168
11260254
11274162
11214633
11274528
11273040
11270664
11217783
11273235
11224578
11219544
11318682
11224227
11215755
11266779
11228457
11265138
11265294
11220141
11218938
11432538
11268795
11222652
11269593
11217072
11217423
11321670
11273700
11214327
11292834
11364417
11416155
11279961
11211318
11219403
11268903
11276436
11269644
11216781
11220996
11327742
11217087
11214711
11272701
11212992
11270394
11276688
11222922
11221176
11268165
11274663
11217900
11266464
11221485
11221956
11321637
11209605
11221869
11271021
11219784
11271147
11272239
11324886
11217999
11277534
11272323
11219865
11276457
11220594
11208975
11320329
11220978
11272884
11271069
11223468
11287131
11372826
11216442
11224746
11411904
11275449
11219985
11273154
11321043
11322567
11437476
11216472
11218572
11280792
12293697
12519807
12288849
12446826
12341997
12291720
12281109
12243990
12140772
11915259
11908113
11559981
12245406
12036825
11675988
11531175
11550933
11598192
11540349
11389539
11218281
11266545
11274651
11217480
11316177
11222223
11220552
11333958
12177270
11824506
11439309
11280441
11217807
11445930
11224746
11273280
11273451
11221017
11323440
11217492
11253261
11296404
11270028
11579610
11703630
11563995
11218476
11326731
11270361
11224494
11326590
11221587
11210769
11321580
11225451
11277825
11273931
11246058
11243175
11320485
11218254
11403849
11333133
11369769
11279433
11415126
11219505
11269644
11276664
11273028
11218449
11272185
11271003
11270220
11274582
11220738
11216928
11321163
11278020
11213898
11318742
11220792
11324061
11373162
11218551
11276397
11358552
11301528
11300979
11276277
11220882
11269617
11331273
11222817
11264163
11216241
11222694
11383743
11219160
11224488
11271090
11262792
11284197
11275170
11218392
11476074
11489397
11377140
11214006
11272044
11220645
11327247
11269719
11220696
11223201
11263998
11326527
11223516
11268807
11222484
11274801
11320137
11218806
11212362
11271729
11274780
11293134
11273373
11215797
11218386
11328591
11268024
11246259
11250222
11387049
11276331
11316993
11221485
11272827
11279283
11221776
11322555
11211642
11212893
11651691
11923623
11282376
11356047
11338236
11224929
11319711
11217399
11220312
11269149
11223651
11273748
11274471
11212671
11218395
11272389
11269026
11215884
11275530
12059862
11971860
11817141
11354946
11225457
11328897
11224962
11275818
11271945
11217009
11275383
11272767
11221191
11278056
11219673
11214831
11295411
11220459
11217432
11269446
11220180
11270289
11264583
11215401
11397429
11333865
11270094
11221017
11269848
11215044
11278425
11324961
11220132
11217930
11276856
11225538
11264289
11273220
11216163
11222583
12220656
11842956
11225532
11272092
11219910
11222013
11447355
11219034
11215350
11324082
11328474
11215407
11277621
11217195
11214993
11322342
11224365
11249922
11239278
11276787
11322003
11223954
11217705
11277834
11218830
11263251
11374743
11215629
11219598
11413677
11276253
11217954
11266557
11220513
11220093
11321388
11219427
11218227
11267535
11217846
11271288
11271801
11217357
11216748
11265678
11265711
11214666
11279037
11222766
11214891
11320845
11217699
11212113
11272245
11221404
11270925
11269800
11222313
11219709
11316945
11223003
11224095
11271267
11222673
11264508
11273139
11208348
11215551
11272743
11270904
11216673
11270403
11223510
11206365
11388291
11220090
11276865
11212149
11225055
11321835
11212569
11225766
11276001
11218089
11273820
11275578
11379180
11214057
11266053
11272206
11221914
11434596
11227203
11366778
11325339
11226873
11212653
11270460
11363781
11274594
11272791
11212773
11218935
11327847
11220810
11217645
11442645
11211696
11268966
11270538
11223639
11218626
11271681
11271633
11217024
11271174
11214240
11223147
11318583
11223930
11221278
11267352
11217147
11262744
11270901
11220711
11218845
11267979
11265144
11218824
11270718
11277312
11945325
11955618
11632836
11333772
11303979
11336895
11326029
11442546
11660529
11351229
11489388
11656359
11418579
11218713
11211051
11322621
11218176
11359995
11677812
11494560
11365179
11276022
11406729
11287584
11274630
11323497
11213841
11273811
11220861
11657298
11911260
11601999
11584302
11528445
11568444
11590233
11528253
11528055
11584893
11636478
11530386
11584119
11778756
12166731
11763738
11227800
11213466
11273343
11218950
11272953
11263953
11222808
11221134
11270676
11271900
11218527
11269992
11211921
11250807
11300202
11218161
11271453
11218119
11264682
11266155
11326305
11221755
11272005
11281026
11224254
11268792
11215152
11214858
11305410
11214015
11218584
11273235
11212245
11275026
11275197
11215608
11214954
11273001
11273298
11216142
11270577
11219751
11223882
11320179
11225322
11217648
11269290
11215485
11361978
11274885
11220849
11223309
11269701
11267847
11223495
11270562
11217489
11223696
11327139
11275659
11216772
11266554
11220870
11267913
11271822
11219088
11222007
11315838
11218818
11222364
11269641
11221314
11383638
11223741
11572323
11810832
12435618
12255831
12429783
12319746
12285381
12262248
12245226
12246888
11878875
11562996
11610462
12466149
11951883
11689479
11586921
11622192
11458155
11222817
11215689
11260890
11271030
11272518
11316306
11221812
11271558
11327775
11218017
11274258
11275074
11262666
11273097
11272635
11212488
11221821
11323581
11283558
11221020
11276883
11224809
11374914
11225349
11220549
11275581
11221674
11300328
11274378
11213616
11213919
11272644
11329590
11220288
11270322
11217798
11297934
11349447
11221560
11216985
11272941
11278464
11273817
11266350
11219895
11214885
11388972
11272092
11275494
11405544
11221881
11325558
11275038
11218143
11215242
11324196
11272026
11213721
11265525
11219763
11275674
11322051
11221491
11216919
11268639
11278569
11274927
11276241
11221008
11224623
11329200
11264343
11219802
11277042
11273496
11219142
11327700
11218179
11265591
12170562
11843949
11443740
11218935
11251686
11310426
11222169
11266794
11279142
11275305
11223660
11328096
11226087
11213202
11435730
11237514
11270988
11277195
11214135
11331198
11266524
11270778
11221422
11510220
11227728
11366805
11333520
11359164
11279136
11281599
11361075
11270796
11420376
11277003
11217363
11263404
11275281
11394720
11269692
11269902
11248143
11300778
11269044
11274915
11217732
11223192
11321145
11744397
11565582
11268909
11334273
11274063
11273586
11225274
11221347
11318205
11217522
11214576
11273268
11224131
11274459
11275836
11214330
11214024
11269164
11421048
11864790
12106350
11716755
11223693
11603298
11422158
11272047
11758584
11603358
11284992
11252103
11280291
11266593
11269911
11220924
11273280
11222994
11222226
11326659
11211648
11217282
11269188
11219322
11269002
11274615
11224344
11213409
11275167
11276910
11220096
11271981
11219550
11220753
11318913
11218167
11216238
11267694
11219685
11266953
11275740
11214810
11221089
11273067
11273784
11218302
11275416
11275554
11241612
11327571
11218131
11354985
11281638
11222235
11271000
11270466
11213949
11216211
11326113
11215971
11220174
11264259
11220060
11267169
11271525
11223738
11214324
11273253
11259927
11371800
11286078
11269248
11276940
11269257
11215908
11268531
11225091
11215566
11325912
11219277
11222412
11274075
11211159
11274438
11276943
11220906
11226465
11272635
11273583
11219661
11270235
11213262
11218617
11323986
11222079
11221239
11265432
11214042
11273862
11276424
11217711
11220543
11270199
11265576
11221734
11271999
11213157
11272620
11272113
11210580
11982540
11972841
11575746
11222271
11413746
11287335
11308563
11290164
11220843
11272893
11222373
11224233
11318673
11223261
11218800
11276700
11220162
11271189
11278491
11215056
11221089
11266212
11268036
11214705
11271096
11226306
11222109
11328996
11215764
11219109
11271765
11219640
11273340
11276070
11218113
11212812
11327214
11607855
11313909
11275425
11215953
11271336
11261757
11278206
11216763
11271885
11271264
11223552
11325714
11215479
11223357
11326371
11216508
11221659
11272710
11216730
11254359
11274411
11221431
11221911
11280117
11275614
11240691
11230056
11221497
11273343
11272569
11215863
11272041
11215857
11218653
11329752
11219154
11217447
11271681
11217096
11269329
11274426
11275878
11220420
11321853
11280921
11266044
11264901
11322939
11276361
11275575
11220174
11350503
11277618
11265126
11221395
11268789
11221329
11217165
11321169
11399919
11211024
11272404
11222328
11271393
11274240
11213226
11216772
11266998
11265099
11220294
11270292
11221203
11221494
11317089
11211684
11221383
11278788
11223588
11267202
11272335
11220405
11214249
11272785
11264799
11266776
11224398
11217126
11323875
11208738
11218866
11272221
11217387
11278116
11272512
11210661
11234541
11325645
11273940
11219880
11268108
11216931
11220195
11321163
11216400
11225310
11265321
11216640
11270160
11268933
11215638
11218680
11274609
11271585
11213679
11272293
11213553
11219925
11323155
11224188
11218068
11376123
11217258
11266875
11275062
11214117
11221377
11269452
11271891
11218353
11268930
11271180
11220255
11322198
11216619
11211930
11274417
11264337
11222763
11521899
12114294
11750064
11387640
11228670
11262507
11223876
11219589
11732703
12248136
12276588
12704445
12459288
12461112
12296226
12318150
12130215
11739504
11726631
11671770
11653425
12567516
12014238
11599428
11625252
11710086
11703879
11531958
11594082
11532372
11643081
11584704
11528055
11580483
11531544
11583615
11633658
11529324
11524347
11644476
11533269
11584212
11585274
11523093
11590935
11634360
11533305
11529687
11584335
11587137
11578809
11584902
11524539
11693643
11530185
11587302
11586093
11479983
11225061
11264160
11274648
11216544
11332326
11223378
11213235
11327034
11213151
11274999
11271513
11218830
11272257
11272008
11274120
11215041
11322957
11220756
11275092
11276283
11218995
11271522
11261037
11278017
11223015
11271738
11279997
11212122
11333856
11214135
11215281
11327904
11271810
11218629
11271090
11216997
11266755
11328813
11221809
11222883
11269485
11272677
11327580
11217822
11215275
11268021
11275296
11277846
11274309
11218701
11208969
11382135
11220009
11219145
11275512
11218857
11330751
11270874
11221920
11215119
11324007
11275902
11218848
11277741
11213565
11303613
11276277
11215896
11214546
11268564
11324346
11221854
11268453
11222511
11217723
11373822
11221770
11264238
11272404
11221761
11325276
11275320
11220057
11213097
11435610
11274555
11272836
11272389
11224215
11278395
11321448
11213127
11224290
11272125
11620638
11619054
11286708
11284086
11328489
11266875
11272992
11273415
11221179
11217705
11324352
11213892
11278917
11326536
11218596
11268315
11273976
11208897
11213856
11981568
11982822
11454573
11667930
11444055
11553786
11917764
11778063
11212218
11273619
11225316
11387688
11271462
11224512
11214345
11292741
11248449
11276244
11215326
11214861
11326047
11214852
11209707
11267622
11224293
11264010
11273271
11286057
11223771
11268174
11274714
11273223
11412453
11228517
11219991
11322285
11217495
11218989
11283306
11217924
11265300
11269227
11221167
11218149
11275281
11272797
11222532
11273040
11222748
11224611
11323692
11221257
11214696
11270613
11215974
11273043
11262474
11216838
11218839
11267727
11270493
11219091
11277729
11214243
11271522
11272932
11219619
11223249
11269311
11271360
11214810
11327094
11214642
11221518
11322486
11237166
11275326
11266755
11224245
11323665
11280066
11221863
11278392
11276712
11264802
11274423
11220168
11223360
11272596
11274618
11217789
11261424
11218488
11223882
11323188
11220387
11219727
11271012
11218386
11270178
11272584
11218788
11211021
11265924
11266245
11219790
11274150
11216325
11217912
11325558
11217900
11213217
11280846
11272191
11216430
11267454
11213931
11216487
11315061
11215080
11216304
11275701
11226933
11443992
11283963
11359500
11230830
11278344
11415477
11247084
11390355
11229609
11398983
11644989
11950782
11780685
11224392
11357607
11325630
11282166
11213571
11271351
11220867
11269686
11420628
11350656
11638866
11382078
11224710
11367369
11277159
11361669
11276319
11411682
11220894
11223417
11411655
11279445
11361414
11276073
11359437
11222775
11329362
11366991
11222595
11411790
11224449
11435556
11254026
11216595
11414457
11223384
11406375
11398968
11369319
11224950
11317227
11366610
12336117
11904675
11634600
11664084
11549577
11398356
11216796
11282445
11422560
11217903
11413647
11223972
11358084
11330241
11221302
11365770
11279427
11226468
11272554
11467656
11223159
11223771
11270649
11272023
11389857
11250198
11363220
11283000
11280600
11221677
11270730
11365212
11249028
11300058
11214519
11216286
11271561
11273196
11222646
11272911
11360049
11223426
11332023
11218113
11215812
11415357
11227965
11273175
11270691
11219184
11359650
11271303
11413995
11221572
11278599
11215866
11224785
11473350
11223675
11220138
11273685
11680572
11810292
11273169
11217651
11216052
11276193
11270313
11216820
11273385
11211006
11218548
11320437
11217057
11275359
11217684
11271030
11273805
11215173
11215725
11271282
11270487
11219616
11267805
11221035
11221581
11322321
11329929
11220246
11278758
11213304
11278101
11277243
11217210
11219796
11279196
11558016
11552055
11274054
11431626
11224755
11632545
11440617
11525388
11534559
11305899
11638737
11318799
11425089
11231172
11608995
11509617
11422134
11892654
12404832
12514932
12398319
12335142
12411801
12356799
12275574
12200775
11803308
11707422
12362952
12370614
12345648
11863908
11633004
12167568
11745285
11559672
11548992
11914554
11896566
11685999
11532006
11528877
11635806
12009279
11773359
11740413
11541810
11710620
11608329
11216601
11266482
11219715
11275350
11328528
11302977
11269692
11379843
11653524
11345433
11274348
11220687
11271573
11335515
11380920
11550837
11343504
11270670
11270688
11274942
11219445
11210064
11321943
11278929
11271042
11219493
11214438
11639928
11900046
11679936
11278941
11227401
11557629
11476707
11215116
11218479
11263968
11330655
11220651
11274516
11221167
11342430
11334648
11215530
11216217
11275383
11327517
11221257
11271777
11222151
11214045
11332350
11227173
11212758
11267373
11216670
11331705
11270247
11216940
11216052
11331237
11275506
11216583
11275263
11208210
11278473
11320782
11216475
11222205
11269407
11277303
11320389
11217537
11217255
11329257
11227497
11268447
11265579
11219127
11280288
11274972
11268837
11223627
11273973
11267859
11267349
11265213
11215083
11219634
11323656
11273883
11204223
11267091
11277093
11224725
11325471
11214930
11218863
11317485
11219025
12009327
11807880
11223597
11390523
11277732
11440341
11220087
11324022
11221692
11221320
11322909
11222790
11733042
11503773
11283393
11386344
11219295
11275431
11273778
11279166
11211846
11279556
11295042
11224158
11319711
11274111
11217570
11268570
11213715
11273775
11324922
11226042
12045942
11975994
11602455
11217966
11327955
11219112
11218458
11341668
11220072
11218374
11261745
11213352
11408835
11274069
11224440
11215008
11270877
11259522
11225634
11272005
11213943
11220711
11297499
11208048
11219862
11274738
11339697
11222700
11648697
11736216
11423703
11263725
11225853
11378490
11217699
11215953
11325642
11223741
11216154
11273703
11220276
11272365
11276658
11221482
11214786
11269290
11272875
11219538
11684751
11414016
11416368
11332947
11338386
11305176
11279325
11664684
11396910
11572929
11493378
11421396
11322390
11224227
11692227
11371743
11416965
11302347
11454684
11222694
11274132
11708721
11401326
11471058
11230491
11425998
11270463
11277540
11728656
11390517
11420772
11220816
11579334
11532087
11357682
11611071
11310039
11656041
11404002
11212644
11221245
11841216
11841654
11300406
11641038
11369085
11272854
11900139
12031281
11730498
11634927
11592870
11589807
11452281
11226567
11269998
11269434
11474655
11522637
11278479
11269674
11269428
11220666
11218872
11320611
11320593
11219022
11276916
11217540
11222847
11376378
11217615
11213190
11272635
11222280
11271657
11277687
11214759
11218614
11264904
11272260
11219208
11269572
11216334
11216820
11320962
11218425
11243478
11245830
11214072
11323836
11222955
11214843
11268978
11212629
11269839
11269959
11613387
11360835
11261967
11269917
11218164
11274156
11215773
11304954
11298078
11215245
11221668
11271879
11455614
11221446
11275686
11220384
11215698
11321106
11226204
11214006
11273088
11218140
11273025
11268732
11216655
11209848
11272251
11272566
11215566
11271132
11212479
11215380
11320524
11223351
11217366
11271342
11221203
11267148
11272317
11216259
11227239
11273556
11264019
11222499
11267310
11220087
11246730
11295918
11218128
11268546
11226684
11212344
11320326
11217693
11273643
11349009
11278896
11216961
11277243
11220318
11216628
11376465
11218515
11219244
11265642
11221827
11270154
11269341
11217924
11215191
11266413
11262867
11225475
11269446
11216550
11223444
11319954
11213739
11213475
11270073
11211642
11273958
11270007
11218416
11217582
11269293
11270400
11219343
11271336
11221548
11223375
11275146
11211474
11221329
11272788
11217711
11268501
11269272
11220957
11220675
11272662
11268906
11222550
11274882
11222904
11267019
11241660
11830539
11694564
11219820
11274015
11277534
11219547
11212968
11902836
11630601
11220024
11275254
11213022
11276238
11432325
11222184
11222586
11276253
11228403
11276748
11273454
11213466
11221413
11372013
11273646
11220288
11271234
11223231
11216187
11330088
11221875
11220711
11275527
11270388
11218278
11263941
11216196
11216145
11318979
11220375
11828820
12347964
12460083
12456381
12295878
12336057
12288465
12273096
12236016
11707506
11545413
11908983
11649405
12493347
12129843
11606019
11522892
11689623
11585778
11368437
11273787
11221044
11327676
11276544
11218575
11218362
11323455
11270481
11221908
11274441
11212233
11318619
11322171
11219571
11218887
11271030
11268456
11265645
11276832
11215491
11225037
11378814
11217537
11219178
11265855
11219109
11381778
11228043
11218035
11268312
11222214
11326788
11271444
11219685
11220738
11326050
11268951
11217702
11269812
11215998
11271729
11323113
11216190
11216706
11271114
11270463
11274669
11269398
11227779
11249808
11348307
11208606
11219370
11271633
11279034
11266926
11273913
11218491
11212932
11304360
11270457
11216124
11272308
11215248
11276064
11313615
11224611
11217570
11378301
11224320
11268981
11272668
11212863
11275527
11275899
11267919
11609190
11489667
11473752
11278146
11277702
11433012
11340936
11596281
11471919
11495718
11227722
11391933
11367879
11279097
11443092
11280846
11419926
11285958
11462151
11225322
11288655
11419533
11282283
11410602
11281611
11410788
11222013
11278914
11413242
11225505
11469831
11224617
11360694
11331699
11275923
11360085
11280261
11363835
11277294
11879988
11221128
11290227
11367162
11384979
11477904
11281665
11363748
11372907
11284950
11953065
11645181
11490777
11336352
11471667
11225001
11330196
11383800
11270199
11358576
11281788
11495205
11232522
11316987
11226120
11224740
11396769
11279736
11505666
12195405
11908167
11331063
11452545
11604189
11305854
11267904
11223969
11327733
11272083
11223216
11277423
11266659
11323869
11328279
11279946
11212758
11272794
11329761
11212494
11272905
11271327
11224197
11323365
11272383
11221134
11276613
11277510
11267727
11273571
11268822
11227263
11593359
11461512
11215878
11281896
11384004
11265513
11321163
11297307
11218350
11275305
11322672
11385438
11272548
11278779
11361840
11326446
11361627
11248272
11394645
11274954
11323218
11363745
11278671
11410200
11225046
11409732
11272032
11211438
11266221
11276028
11275173
11268834
11277834
11223096
11266305
11332848
11217771
11271723
11278659
11366034
11326464
11265720
11218077
11275371
11374929
11275548
11361795
11275245
11220390
11462892
11276442
11360409
11283243
11275878
11266884
11319093
11367594
11224854
11274414
11324592
11215521
11301624
11989746
11666334
11328078
11218551
11220483
11328348
11280018
11257689
11269527
11221797
11218209
11272737
11271486
11214510
11266620
11216871
11223516
11321934
11222613
11221293
11268135
11216706
11276316
11271351
11214855
11216928
11323776
11216529
11213454
11271012
11217840
11271471
11277198
11220747
11218125
11264433
11273751
11215653
11275452
11274402
11214168
11324541
11214456
11213610
11628132
11390991
11269920
11274963
11222415
11218662
11272470
11441859
11220027
11279334
11224602
11268219
11265051
11218077
11272860
11214720
11217399
11326149
11218086
11216550
11271972
11218206
11272392
11274906
11222127
11213688
11323785
11224563
11215998
11270883
11223057
11269803
11264562
11215722
11218041
11270994
11273436
11218101
11448246
11227347
11220585
11323134
11215446
11364426
11274789
11223702
11264700
11269767
11220690
11222157
11266329
11268954
11223948
11262870
11218380
11213511
11322096
11219730
11220858
11266833
11212533
11274363
11265432
11221185
11217654
11273226
11269203
11234583
11245806
11218053
11271402
11271243
11220414
11265981
11219706
11269221
11273601
11214600
11218185
11324541
11405442
11224890
11271249
11217360
11216274
11322993
11218308
11215086
11274294
11217702
11264625
11275083
11214453
11218332
11403993
11284443
11224308
11414409
11226471
11219355
11322132
11219475
11273388
11265921
11219799
11271072
11270520
11217111
11272533
11279265
11273604
11218341
11270223
11218218
11216412
11311395
11227767
11219616
11270328
11272608
11220588
11271120
11215080
11219499
11322561
11220756
11273922
11334402
11219187
11322825
11224209
11219919
11272110
11221083
11270814
11268621
11222283
11326899
11267466
11271915
11216238
11330481
11220411
11217231
11332368
11221533
11350932
11333280
11221683
11269191
11275317
11219184
11217459
11401233
12164091
12228915
12441303
12491433
12339051
12407781
12254364
12256002
12231807
11980545
11940987
11949444
12127386
12222177
11785287
11681946
11600106
11581776
11707461
11529294
11531094
11582091
11592540
11587272
11585724
11518929
11588487
11640300
11578833
11529864
11708073
11596245
11603775
11295912
11218635
11453721
11254632
11409177
11277741
11360808
11296020
11271621
11417154
11222961
11420487
11280159
11357064
11326878
11300976
11281779
11329623
11224479
11275593
11406642
11284362
11217870
11301408
11241189
11218770
11307426
11213004
11278692
11265129
11221689
11272440
11268918
11271789
11221620
11322351
11215089
11221101
11328543
11221566
11265543
11274840
11221617
11263752
11276598
11278548
11222262
11267490
11269416
11276529
11272941
11217507
11217465
11321241
11278860
11273118
11213508
11218350
11323347
11680896
11413974
11276625
11220807
11272074
11319948
11274252
11218680
11323536
11273715
11216418
11270721
11225574
11265024
11328087
11221293
11214036
11275044
11266872
11282886
11266797
11218626
11221821
11375586
11218557
11214846
11273784
11212707
11329599
11275593
11216766
11217411
11269053
11325930
11220912
11269743
11222208
11216676
11383707
11209578
11298666
11266692
11272575
11381748
11404854
11275161
11242767
11299476
11275044
11274873
11223276
11220531
11976960
11599995
11237289
11366697
11332725
11281650
11273682
11221824
11223675
11267112
11265543
11221179
11276247
11278608
11219985
11269161
11220909
11224515
11266797
11226198
11874135
11985189
11588793
11217216
11275518
11369409
11219349
11275965
11213277
11220771
11317335
11219829
11217903
11262237
11270550
11223858
11275275
11221095
11271831
11269239
11215875
11274975
11277372
11223756
11315676
11214171
11221893
11268486
11220897
11264781
11271705
11208480
11221854
11274114
11280366
11228151
11271570
11220174
11224626
11317326
11215230
11224482
11269350
11221395
11262459
11280168
11220135
11222955
11271060
11272413
11222757
11267922
11225187
11272935
11321982
11226900
11221770
11264061
11216730
11266518
11270667
11218233
11225514
11323620
11221224
11212947
11275791
11221284
11273802
11274672
11219211
11217138
11272425
11270925
11217618
11327610
11222247
11269014
11271180
11212482
11274018
11277426
11222115
11328330
11220396
11220420
11266398
11224623
11270811
11274150
11215986
11218878
11266002
11266944
11220282
11272116
11221581
11217813
11324895
11214228
11220693
11275725
11216598
11273808
11270805
11225085
11217183
11300718
11243328
11272035
11331540
11231028
11271051
11272905
11323614
11223753
11268168
11278056
11349228
11277372
11211417
11222400
11324034
11221236
11218449
11275287
11217168
11271042
11273316
11219181
11220918
11268708
11275170
11272494
11210937
11219592
11272947
11273163
11219334
11278140
11213502
11216007
11327565
11223798
11222373
11270007
11383854
11277588
11263797
11221173
11219427
11269056
11275704
11281863
11316555
11218623
11268516
11282679
11217021
11221053
11275533
11261685
11288658
11272803
11220324
11220534
11314959
11218710
11211927
11273067
11219019
11271531
11277441
11220561
11223651
11262750
11269359
11224206
11274537
11218548
11222553
11324283
11208066
11218977
11273931
11223987
11268534
11274189
11218452
11213208
11266389
11269848
11275788
11215986
11216187
11269056
11261031
11214420
11272956
11226477
11271249
11271870
11212422
11222634
11269206
11269179
11219259
11274243
11221212
11209638
11329947
11222571
11205678
11272791
11218419
11274630
11263413
11218191
11218854
11272113
11825898
11900112
11392218
11228046
11216691
11326947
11215968
11366535
11300145
11221125
11274270
11271888
11219772
11221710
11263824
11271972
11217306
11274813
11215386
11214933
11326623
11222541
11318004
11242233
11265507
11279298
11265075
11214357
11271279
11267691
11269791
11261610
11222019
11216187
11325636
11220897
11218029
11270196
11212491
11275314
11330754
11215299
11219319
11272515
11268243
11354118
11389923
11222424
11216973
11326911
11224935
11216100
11266158
11220786
11263263
11322966
11220795
11219649
11269671
11269098
11212980
11272641
11214528
11220510
11329560
11375052
11208231
11276271
11267178
11223582
11270430
11226318
11466507
11947551
12521928
12348384
12371352
12529527
12290010
12278295
12250005
12050967
11879598
12000258
11908524
12532347
11991603
11609067
11585031
11603580
11439309
11225454
11322486
11223915
11219907
11488260
11581629
11530104
11323476
11269908
11216139
11320866
11214330
11219244
11325462
11216817
11276811
11273832
11211732
11278827
11275605
11267394
11247477
11309469
11404173
11277960
11271687
11216763
11326638
11219289
11215068
11325816
11220906
11324661
11269935
11218587
11420199
11302758
11228331
11216736
11276061
11280723
11280846
11275323
11225043
11215365
11323785
11272674
11219694
11273919
11268414
11276772
11271729
11215983
11214786
11322297
11326551
11225469
11274525
11220774
11266725
11287428
11276106
11224224
11273439
11297508
11259819
11267787
11220612
11217408
11384277
11217807
11222790
11270877
11214171
11350491
11252706
11221797
11275032
11222580
11329476
11263692
11215971
11219928
11330796
11266836
11219484
11274135
11213670
11276769
11323071
11220324
11219787
11270859
11386200
11219412
11276493
11216313
11278065
11461953
11537460
11585763
11582406
11588727
11422614
11271372
11222256
11220123
11332896
11263443
11223003
11276469
11279709
11217780
11321154
11221644
11327229
11333385
11266308
11276043
11273139
11212605
11301708
11244003
11266440
11268849
11276748
11533680
11451351
11336550
11214105
11382318
11219622
11273898
11273139
11222085
11219343
11268969
11275635
11224017
11272404
11219307
11230533
11331150
11210184
11950725
12041319
11471694
11394639
11332506
11320863
11219988
11430240
11282670
11231238
11272566
11216379
11219574
11323260
11211117
11217711
11271030
11217171
11271423
11274006
11220252
11238867
11295594
11221806
11267982
11214591
11220897
11326830
11217372
11215929
11273142
11218395
11270322
11275674
11218314
11208546
11270913
11270466
11216907
11271813
11216076
11209269
11324274
11216679
11211837
11268876
11217750
11269992
11264559
11216097
11216133
11275056
11276100
11220411
11273076
11216754
12377163
11578014
11228280
11222892
11278755
11441013
11225799
11322009
11217894
11218998
11328417
11220660
11218716
11271228
11212824
11264052
11273820
11218233
11273754
11216022
11272044
11268495
11216142
11217927
11270964
11273337
11218773
11267058
11223987
11217456
11322897
11227332
11220849
11272413
11211786
11267388
11274639
11221362
11216886
11350536
11276442
11215851
11270352
11214012
11354133
11336388
11217843
11222349
11259318
11218461
11273892
11273511
11222190
11222592
11323374
11213991
11222169
11270964
11217213
11269170
11268675
11220003
11211510
11270754
11271405
11221302
11329563
11215662
11221308
11321544
11222625
11214636
11269110
11216451
11296848
11241633
11220660
11269323
11211030
11270487
11272869
11217078
11208408
11278656
11266800
11216088
11276664
11217774
11219775
11325381
11387919
11225127
11275794
11225562
11270490
11270499
11214420
11223927
11324244
11221002
11217129
11275605
11220021
11264010
11273028
11218578
11222808
11266710
11269608
11214474
11263785
11217750
11220198
11325144
11216835
11218689
11269839
11213454
11272242
11273994
11218140
11218506
11272125
11267049
11210268
11274474
11217615
11225367
11331039
11218311
11216775
11269314
11220837
11293809
11251488
11221446
11267955
11216301
11269671
11273808
11222238
11219517
11271582
11274816
11207253
11269017
11216982
11318436
11267235
11218821
11220966
11263008
11272866
11275023
11273763
11217249
11219571
11324112
11209461
11219598
11271750
11222958
11328291
11337522
11224362
11212650
11270490
11271876
11220834
11273007
11218617
11209986
11317929
11219781
11220357
11277105
11216751
11272794
11269911
11219169
11218011
11274594
11268561
11547225
11737263
11539464
11237799
11298894
11220789
11272470
11343981
11274945
11274918
11211771
11226513
11273076
11268690
11217240
11271441
11218155
11211213
11325234
11224695
11219391
11276742
11219109
11272866
11265666
11215530
11217915
11381088
11272965
11222346
11267283
11215881
11218770
11325573
11222448
11215914
11276388
11212161
11322888
11275068
11217219
11218014
11271165
11274075
11220276
11269149
11216088
11218419
11328690
11225271
11234502
11270844
11326974
11611323
12179235
12309639
12484842
12548070
12252333
12286218
12269280
12248652
11997981
11868723
11996583
11941500
12373227
11941386
11545968
11602131
11543760
11542347
11535327
11524332
11293242
11274405
11329701
11225250
11220837
11272086
11323554
11215605
11268657
11220066
11219271
11368917
11219208
11214729
11273685
11218128
11324103
11273307
11218248
11210694
11330811
11271747
11238564
11245872
11218389
11331681
11259600
11215641
11271282
11221758
11278035
11325336
11225910
11217495
12076557
11672319
11278152
11270961
11225043
11277834
11264433
11320062
11277075
11274816
11282316
11275584
11274852
11215830
11271288
11273721
11266269
11220648
11271498
11276340
11213709
11417055
11284470
11218191
11298555
11221965
11271633
11266383
11208417
11279151
11271201
11273706
11221482
11326437
11223387
11220009
11326389
11213568
11328498
11272014
11222091
11318595
11221473
11275482
11405412
11224662
11273835
11310471
11214156
11220399
11278767
11270769
11277639
11271834
11215566
11263857
11274894
11276379
11221179
11274975
11273676
11216391
11325414
11221113
11222508
11321568
11273019
11222097
11275401
11215614
11269737
11301195
11227749
11218566
11273721
11266197
11271282
11269416
11220933
11338059
11325957
11327934
11223702
11268867
11218044
11330604
11273238
11218974
11221194
11273847
11727852
11507811
11282148
11282817
11384841
11276331
11214090
11268390
11217114
11275353
11271528
11220147
11217147
11272704
11263941
11219757
11283306
11217006
12140565
11940582
11336052
11222505
11264904
11280531
11271552
11273184
11220816
11398425
11277153
11381832
11245416
11271078
11363343
11228715
11328276
11270658
11216400
11267742
11222160
11269707
11276580
11215245
11219949
11288760
11247120
11244084
11245185
11215926
11321697
11215026
11215755
11281959
11217861
11272053
11275395
11222694
11211933
11326431
11275830
11218320
11273370
11222307
11221101
11379486
11223180
11219517
11271417
11216910
11270205
11271078
11215785
11211996
11274639
11268903
11221728
11279532
11220621
11207505
11323617
11220657
11214972
11280765
11221866
11270295
11261418
11216367
11216280
11273592
11274861
11218842
11277777
11214696
11270469
11274075
11223702
11274525
11274216
11273364
11212980
11273253
11350266
11226990
11324919
11271543
11267289
11215896
11217489
11318883
11219904
11222064
11274384
11214930
11275680
11266260
11220369
11221326
11274105
11273556
11215050
11274291
11220951
11220000
11322168
11221233
11217237
11268429
11227476
11269215
11271510
11220405
11222301
11269968
11262171
11219613
11269554
11218203
11213439
11373039
11221095
11210394
11271384
11273850
11388438
11292576
11219499
11271825
11376009
11222739
11272488
11273796
11221980
11271132
11323689
11214336
11219124
11268069
11330199
11224119
11271636
11222838
11209443
11318958
11216961
11276085
11584482
11355552
11321556
11334744
11253393
11274342
11360922
11277810
11384904
11223084
11351028
11278962
11273676
11359254
11276745
11365311
11278233
11414349
11224695
11221971
11417598
11272551
11367942
11276763
11359149
11222646
11329920
11368641
11222049
11529561
12190737
11791452
11279766
11221719
11361909
11282298
11413575
11664228
11848791
11408559
11306289
11383428
11222745
11269434
11222682
11323698
11271687
11214678
11228685
11270898
11269437
11219427
11274162
11214957
11222316
11329422
11218059
11229225
11328285
11216841
11266968
11324661
11225346
11225814
11416140
11278512
11356809
11275422
11223987
11366085
11330976
11359410
11226219
11416692
11224980
11274996
11381364
11504433
11728647
11538258
11726556
11586531
11692584
11228184
11323338
11363334
11222862
11274375
11222739
11411334
11272959
11226771
11218965
11272827
11273073
11215086
11265042
11222862
11224032
11326788
11221557
11217339
11274297
11215101
11322813
11270811
11364666
11227938
11608911
12243912
11515416
11278524
11219817
11688072
12158067
11572998
11276745
11363454
12089742
11906637
11223525
11225502
11693403
11960592
11961867
11598498
11538051
11814066
12024990
11701785
11580726
11593272
11626893
11274138
11219151
11217060
11263638
11268663
11218509
11270412
11221659
11218128
11321202
11355873
11292183
11893026
12188100
12318300
12915957
12412077
12416721
12279219
12248448
12242541
12242442
12237432
11874501
12170067
12123183
11945442
11937174
11706780
11546799
11537568
11556060
11271789
11267712
11274645
11215911
11220813
11324448
11280828
11218764
11264844
12654507
11910477
11403135
11217732
11222466
11269446
11328720
11216175
11273490
11266545
11273901
11332788
11223084
11219382
11329794
11272014
11278836
11273079
11221137
11223951
11371929
11224905
11220780
11275899
11221479
12372354
12327405
12457638
12463632
12025737
12423987
12634995
12039231
11552271
11687475
12084045
12017784
11791986
11602230
11823810
11841672
11528685
11324094
11270802
11398548
11622309
12011730
11790537
11396886
12918864
12405054
12530115
11930667
11605629
11775360
11568102
12092607
11925864
11542926
11529675
11529267
11532414
11351628
11269347
12157323
11886450
11695491
11658795
11538009
11574459
11597880
11526999
11646912
11821749
11961060
11518218
11397690
11266287
11277846
11282337
11277546
11274510
11222106
12119748
11887998
11310012
11377347
11220903
11276751
11267790
11220435
11284677
11622186
11997504
11840922
11277573
11394957
11273898
11267559
11221989
11265216
11275011
12047349
11982027
11339961
11386278
11657097
11304576
11271504
11284863
11275590
11635302
12142206
11849577
11331207
11556825
11475072
11223798
11269557
11221131
11277792
11787165
12222234
11281734
11434842
11221680
11215989
11272107
11219691
11276577
11274471
12297198
11886213
11382003
11821953
12071595
12200256
11834358
11426007
11678130
12053631
11975532
11506962
12277830
11907987
12168474
11892705
12154500
12140529
12460893
12543264
12099720
11834769
11784573
11912751
11988456
11785323
11719746
12051177
11961981
12003306
11643303
12027096
11943285
12002670
11740428
11708472
11691873
11546697
11735649
12666435
12283023
11890734
11765292
11538648
11598462
11673354
11427312
11422668
11224515
11556384
11502087
11213931
11484144
11224545
11473902
11330664
11432766
11228394
11360322
11387955
11230512
11744490
11384856
11482275
11283411
11415774
11289237
11224038
11424285
11329182
11425200
11222619
11472279
11553666
11308278
11483841
11222472
11416917
11332419
11426898
11223897
11385816
11427633
11276463
11618832
11445237
11420469
11271579
11277999
11424264
11271609
11425869
11222811
11578260
11539329
11265954
11384694
11220315
11644032
11415372
11225322
11277879
11333376
11641152
11356017
11222322
11225025
11328192
11227305
11220435
11267979
11216820
11268327
11273193
11226876
11221194
11268699
11270847
11223654
11278731
11220048
11222328
11327124
11215686
11222931
11273217
11217144
11276274
11266575
11223012
11220828
11268327
11268822
11216349
11270292
11217060
11218173
11327571
11216040
11213772
11601621
11460942
11477283
11289909
11303988
11345019
11439525
11731935
11312421
11415342
11232246
11523093
11490306
11318664
11480052
11225769
11539395
11530551
11424849
11220435
11275104
11605488
11399439
11573871
11498574
11424453
11325897
11224926
11427963
11335563
11432715
11275440
11474430
11221410
11216139
11690325
11366208
11424762
11280198
11226315
11299440
11356941
11313432
11283993
11593755
11475873
11474670
11563092
11416971
11278146
11276439
11420160
11281650
11425086
11221077
11524026
11218143
11223123
11274996
11223819
11569569
11550849
11429409
11218293
11280525
11628921
11560341
11488173
11230359
11498865
11560083
11298153
11430015
11281251
11558142
11553843
11426520
11222643
11441328
11449179
11379804
11475786
11233314
11420727
11326857
11477691
11228100
11274369
11429910
11278017
11489145
11550753
11426223
12352158
12328281
11742792
11509275
11980566
12225903
12336672
12157806
11936040
11955072
12279927
11852739
11614440
11597253
11669412
12240453
11905146
11793405
11595384
11791941
11559759
11213862
11272875
11275377
11270037
11271564
11224275
11227962
11267814
11269839
11217561
11344620
11231586
11221749
11326902
11215329
11217150
11271417
11328999
11219994
11265579
11224086
11208597
11319501
11214084
11431077
11277105
11422773
11284875
11329827
11370240
11233431
11679570
11418141
11424387
11284833
11373363
12410799
12083700
12867618
12593991
12470103
12381456
12456054
12283143
12331314
12521676
12401556
11902368
11974980
12125409
12263778
12044244
11687772
11747895
12160098
11954808
11563893
11686929
11545392
11541942
11524776
11340012
11221416
11250762
11349498
11220648
11214864
11265621
11278665
11274180
11272446
11227626
11217486
11330580
11265822
11222154
11272953
11219295
11279124
11326770
11221824
11210904
11325813
11219883
11271516
11267232
11219727
11277171
11264757
11373297
11213310
11274042
11284206
11217765
11324112
11353275
11251500
11304777
11218449
11273358
11273310
11269968
11220036
11326146
11217342
11274420
11488635
11224794
11436324
11221578
11281122
11623944
11384871
11578068
11478006
11404548
11215449
11311473
11268171
11219094
11459901
11227137
11222334
11293518
11222823
11278803
11274786
11217426
11270094
11266581
11268723
11223303
11273088
11265573
11277087
11275617
11222076
11212260
11327460
11275449
11216442
11922576
12052683
11969145
11676876
11376096
11559867
11827263
11886816
11282631
11360415
11229975
11584137
11285634
11229504
11417700
11218944
11409978
11335911
11365818
11221434
11272452
11422248
11227392
11409171
11223930
11415579
11322777
11224332
11369037
11280375
11271972
11277675
11415375
11219484
11219937
11686158
11384577
11468094
11226612
11646999
11662731
11389251
11287248
11340132
11361819
11280975
11409036
11223894
11210670
11272725
11271240
11362860
11283795
11221929
11215947
11323020
11270595
11218551
11268579
11276877
11774934
12250038
11284278
11245509
12265677
11989434
11587668
11247792
11274927
12009117
11875548
11562396
11576970
11531079
12199473
11734617
11588832
11531364
12000498
11878143
11562684
11580537
11527497
12074499
11740383
12838773
12342936
12329508
12364833
12184953
12162132
12348009
12310908
12325197
12289326
12305277
12563433
12283071
12347124
12353724
12277134
12456330
12261309
11942811
11909163
11982903
11938752
11675277
12403866
12320232
12301413
11988186
11602920
11558817
11676792
12546033
11974023
11557245
11546445
11795259
11931729
11562744
11619162
11556288
11553120
11500530
11224416
11213631
11270568
11269641
11219265
11270409
11215971
11212380
11308989
11219052
11220894
11290596
11276988
11266215
11272491
11211348
11217345
11266014
11270523
11249058
11246031
11208099
11324712
11221593
11220186
11269131
11221137
11322126
11272968
11219376
11220348
11275962
11320221
11222550
11266659
11216871
11220288
11324382
11222742
11217762
11275500
11223828
11270586
11266512
11223483
11385999
11277117
11274225
11221002
11267235
11220849
11273958
11323689
11221404
11223375
11277678
11213130
11270583
11271540
11281431
11219751
11269551
11272944
11214867
11272881
11212611
11218491
11328405
11213217
11226186
12084933
11858976
11589579
11215026
11221803
11267058
11276001
11209545
11791941
11598822
11703183
11586873
11531481
11528787
11408535
11211843
11268108
11273688
11224155
11214579
11269155
11269242
11211873
11275899
11215950
11223066
11319207
11223525
11221839
11262813
11267124
11220408
11267466
11218659
11219886
11322813
11221119
11220693
11271939
11272236
11270697
11271843
11217543
11214093
11274414
11276160
11273451
11222025
11253036
11896722
12148467
11617839
11282358
11220090
11477784
11738670
11490645
11219193
11271873
11540037
12124977
11494500
11223822
11223159
12073527
11849235
11216613
11275494
11369364
11780994
11950764
11290371
11277552
11221740
11385363
11273238
11218293
11219670
11273286
11278467
11219940
11262648
11220183
11224092
11326017
11218758
11218329
11276094
11212257
11269818
11275131
11222376
11220690
11322177
11212053
11218248
11273739
11221173
11266476
11280135
11218179
11204046
11273805
11271678
11218509
11273331
11225697
11396919
11329044
11221032
11365620
11278254
11215974
11271618
11419692
11218524
11220390
11272314
11268258
11362866
11273655
11222115
11236836
11303901
11221425
11274987
11359821
11224146
11326161
11326644
11228325
11276037
11214684
11270487
11322243
11222112
11209857
11319258
11223549
11215629
11272659
11225307
11271267
11269476
11225016
11218773
11272920
11275731
11269269
11269044
11215911
11220270
11321868
11223480
11278368
11276892
11865018
12439290
12231114
12599103
12511803
12288456
12280812
12261378
12239496
12238002
12100458
11961618
12108273
12269073
11883555
11582943
11623449
11604753
11540613
11577780
11429544
11268576
11275695
11214465
11275461
11221455
11282430
11331039
11221818
11269176
11270361
11276283
11215710
11272533
11268720
11219940
11330826
11352519
11276799
11294670
11271654
11223237
11270688
11217741
11261682
11324313
11220126
11218104
11302644
11242065
11272467
11266998
11222727
11279319
11246916
11278896
11272986
11223786
11264235
11316030
11220927
11227668
11267871
11272152
11270604
11267904
11218971
11215269
11317425
11284746
11218287
11277759
11216130
11326257
11275422
11239221
11225733
11325342
11322513
11224710
11281401
11217120
11218005
11403693
11226549
11208831
11835345
11628060
11297727
11275023
11218722
11222430
11379165
11212518
11224236
11266716
11214084
11328513
11279793
11217948
11215911
11272932
11326566
11219460
11274279
11214702
11326482
11267547
11216247
11273775
11219586
11437746
11337267
11387988
11536818
11594478
11421780
11274963
11410617
11226810
11419959
11270196
11279145
11365239
11277612
11645004
12168351
11927727
11518995
11358792
11485194
12043365
11955906
11997105
11676927
11593818
12128631
11782860
11537922
11280009
11580123
12098685
11478591
11412849
12005865
12147582
11809590
11338404
11270064
11614527
11958987
11852904
11276823
11215755
11693121
12003948
11570778
11218332
11269905
11218698
11395440
11271447
11223348
11208918
11325399
11223921
11799408
12253119
11680245
11491947
11537862
11272941
11321697
11272938
11272188
11223399
11275188
11213142
11211795
11321085
11216901
11352132
11270328
11227479
11325939
11209302
11222328
11280105
11218560
11268843
11275170
11227302
11211951
11272437
11273691
11220234
11273595
11220183
11271210
11271027
11220396
11666463
11465355
11276382
11223507
11273619
11215977
11223567
11325033
11219901
11220432
11267982
11219949
11265378
11270187
11367552
11221044
11413686
11274831
11362674
11271228
11215191
11365656
11324652
11363649
11223732
11413536
11216667
11269176
11432061
11225514
11551716
12188430
11958837
11348646
11354907
11406888
11815677
11853972
11309244
11420568
11491080
12048828
11783064
11303250
11217774
11641299
12015024
11745504
11281611
11464524
11532522
12106707
11494254
11277576
11216307
11392221
11277564
11218545
11213094
11277564
11271129
11218584
11277270
11220636
11222922
11314998
11223720
11218950
11273088
11223531
11272608
11275332
11210433
11220162
11272614
11271627
11222844
11274411
11220198
11211834
11374869
11383110
11225811
11268423
11217579
11437635
11307666
11222280
11215536
11269695
11271510
11221281
11412342
11220066
11275473
11277066
11217636
11219964
11325858
11271273
11270406
11270697
11366595
11280240
11414133
11245737
11452479
11224551
11222736
11325669
11414589
11554125
11269251
11220396
11264013
11282259
11347428
11216361
11277672
11274405
11220084
11265792
11218560
11214204
11328501
11305503
11277807
11273304
11209785
11270628
11268822
11219025
11218833
11322021
11216121
11211507
11270865
11220417
11268420
11272299
11215392
11215506
11273253
11276514
11214999
11272209
11221110
11217087
11320782
11215074
11220354
11267616
11213379
11270547
11268042
11211180
11273586
11216394
11272815
11271477
11219919
11219541
11265141
11278296
11289252
11274333
11221086
11221611
11323281
11212566
11218377
11273772
11218008
11270145
11270739
11222400
11217609
11274126
11273397
11220318
11270238
11218329
11267514
11263932
11226213
11221797
11268204
11266350
11221119
11266392
11219388
11223396
11320005
11218386
11217489
11276955
11214441
11273064
11269092
11219280
11216697
11271864
11274672
11212605
11277228
11212959
11220534
11327004
11221629
11218800
11266476
11214954
11657124
11619711
11531640
11586459
11533503
11264343
11269119
11217618
11222835
11327610
11765631
11877099
11409756
11216586
11326527
11269647
11223042
11221431
11387946
11303499
11247222
11331138
11223393
11213085
11371317
11225094
11218185
11265420
11217459
11269659
11272641
11222646
11288085
11272296
11265942
11215149
11318520
11216922
11224734
11321232
11269194
11216349
11278080
11221221
11420283
12071718
12540375
12351612
12583272
12324465
12481326
12280599
12298323
11804742
11894826
11710602
11635866
12457791
11952834
11741265
11544456
11591436
11524272
11337576
11272284
11219610
11416920
11362350
11220615
11218008
11274903
11370822
11331402
11573820
11528196
11365023
11387511
11270409
11344575
11241759
11361048
11385282
11452110
12085842
11884086
11446401
11400246
11415915
12038637
11785164
11344323
11534562
11829960
11837358
11505651
11229588
11541942
12051573
11826432
11338671
11427546
11843049
11803083
11554419
11286273
11397183
12167571
11777598
11289066
11223828
11437575
11221917
11368995
11341905
11370297
11275968
11408577
11270652
11225595
11468202
11218758
11221149
11328873
11362227
11272464
11275230
11355633
11286366
11420640
11276712
11358918
11332797
11226387
11421990
11274087
11353983
11383410
11365218
11215224
11335068
11221245
11271180
11420040
11220024
11270721
11320596
11224086
11359311
11275899
11279730
11272956
11417412
11218140
11217486
11320521
11277555
11218488
11321256
11412801
11224491
11330670
11354466
11220348
11471829
11283021
11362368
11279670
11227902
11274960
11322549
11218044
11219097
11407005
11265189
11287344
11278701
11216343
11418699
11379639
11225808
11617839
11364591
11274345
11378085
11217759
11217813
11384163
11225298
11839389
11950068
11359665
11421879
11383503
11417880
11226039
11280543
11219871
11324580
11416425
11224422
11361993
11275266
11409102
11348595
11281254
11336409
11394978
11323746
11463666
12048072
11955966
11523393
11716668
11646915
11423085
11279952
11471814
12222078
11891370
11227347
11228685
11637078
12163632
11556270
11280255
11365017
11957529
11930673
11228178
11223954
11411781
12179712
11686368
11226114
11363664
11568612
12237420
11307843
11271222
11273247
11403891
11282397
11225976
11214816
11268519
11268432
11345718
11338209
11227887
11219217
11317182
11269761
11224407
11272821
11220825
11273667
11273640
11219433
11220525
11270496
11420001
11219787
11412225
11228097
11214567
11299716
11219853
11952663
11988435
11923635
11395488
11281287
11888115
11930592
11807040
11536011
11744304
12009051
11759325
11453796
11376462
11221797
12245670
11475888
11398203
11277285
11503689
11967111
11662419
11530443
11585181
11531784
11710830
11641923
11532021
11531022
11581452
11596455
12081114
11441868
11217081
11270274
11272974
11273556
11215827
11265147
11221662
11269845
11334456
11223576
11222475
11272368
11230524
11245995
11268039
11393877
11216097
11474595
11233254
11364495
11282640
11222358
11424033
11280414
11367444
11284062
11213445
11271723
11264745
11378115
11229627
11426844
11280198
11358423
11284335
11228163
11380713
11551461
11679534
11545893
11586135
11524335
11581377
11741118
11533308
12104826
12081264
11833446
11341353
11475753
11284287
11333214
11670294
11463099
11323965
11216310
11277675
11265339
11226297
11374326
11283681
11476332
11232993
11277780
11219043
11223294
11483076
11279868
11217600
11271156
11372487
11273151
11275272
11374584
11225238
11325069
11213901
11218176
11259810
11219340
11423454
11278299
11223975
11219544
11268897
11265186
11220564
11276880
11216109
11220426
11327007
11275473
11215686
11288778
11224545
11268210
11271132
11220708
11219784
11264610
11264547
11268483
11219238
11224101
11270442
11275629
11209044
11267106
11218521
11215167
11324694
11219013
11217561
11260647
11219799
11269611
11274246
11220252
11219466
11314452
11216052
11216409
11267730
11277750
11275434
11268558
11210559
11217903
11270517
11268222
11217036
11271522
11218881
11206071
11323287
11213895
11214684
11274930
11219124
11275896
11264700
11229981
11228250
11268294
11270208
11220789
11273418
11266140
11227623
11324940
11217801
11217045
11267562
11276235
11263056
11272197
11219805
11216376
11273370
11274615
11271804
11214684
11223039
11272689
11277546
11221218
11270883
11210421
11266686
11274537
11216541
11218062
11377353
11274498
11212248
11273916
11220831
11218161
11324811
11225727
11221557
11323797
11217831
11376072
11331015
11223861
11219883
11274966
11259912
11219373
11270157
11216592
11222256
11448135
11224083
11210427
11275176
11221347
11585382
11702058
12686904
12646716
12606561
12480630
12337347
12264462
12248076
12216096
12234411
12234768
11939229
12622146
12290106
11931357
11874834
12011043
11923365
11530116
11583513
11526897
11346702
11320836
11228211
11223288
11472882
12409173
12289131
11863905
11926326
11655849
12004278
11885496
11370576
11229006
11276913
11793681
11453439
11278242
11306904
11252313
11278047
11271996
11215836
11272023
11325606
11219376
11216037
11278956
11277270
11272728
11269221
11221920
11218905
11335146
11276457
11218761
11270085
11266989
11248395
11291046
11219580
11275206
11279712
11212395
11325834
11224425
11215503
11325153
11227449
11266275
11259330
11271990
11216538
11270238
11270346
11227293
11331582
11222583
11220555
11326722
11219754
11278740
11270952
11569149
11441862
11271942
11276979
11805690
11880330
11275479
11316366
11383155
11221074
11276586
11324871
11272806
11221989
11324367
11321718
11211729
11334111
11217588
12264960
12533685
11800245
11605170
11439078
12510576
12060105
11401038
11321253
11940009
12362862
11771316
11396436
11434491
12003087
12275652
11817279
11459574
11281782
12360048
12432687
11663145
11484828
11341422
12396117
11977521
11534544
11357079
11285727
12808014
12184224
11686302
11343645
11744787
12592158
11932839
11331825
11368080
12240276
11974704
11896125
11445777
11482362
12043215
11878791
11465424
11288745
11377656
12106860
11820189
11228904
11278050
11401323
12196893
11753886
11542902
11697717
11986005
11975337
11695218
11736759
11847903
12250083
11815146
11226939
11466726
11423115
11566260
11452359
11374278
11228820
11437389
11271153
11221425
11425350
11223288
11420655
11279196
11336331
12183447
11874333
11662125
11338467
11470290
11291070
11376087
11334900
11223960
11369385
11280261
11397882
11251851
11423226
11224089
11276679
11427666
11223543
11427453
11227152
11376087
11324628
11225331
11915004
11969868
11550246
11595294
11684049
11489739
11372016
11278503
11622441
11573928
11278179
11374383
11234808
11476944
11222826
11222694
11391372
11273424
11366613
11282073
11370129
11215386
11334777
11374860
11246823
11401500
11225496
11550837
12110862
11922636
11392995
11314338
11781684
11461086
11367906
11282757
11426316
11272107
11219466
11427414
11224236
11366622
11330892
11367369
11225835
11272161
11421273
11223729
11414169
11231226
11360478
11327763
11221608
11370291
11271309
11362230
11273076
11418705
11211999
11217117
11427297
11274816
11418690
11228382
11414487
12247809
11870655
11313885
11363097
11484279
11230131
11476731
11232387
11362926
11285730
11380887
11408085
11318760
11372832
11234247
12171951
11875266
11355513
11456451
11227455
11626086
11499345
11374272
11249628
11262438
11272956
11267907
11374308
11225382
11423139
11269005
11222058
11429007
11227212
11364351
11324505
11372793
11232882
11570487
11566722
11246331
11421456
11225016
11372241
11327982
11366397
11228340
11327520
11457744
11279550
11776422
12122304
11653494
11333718
11486031
11490291
11280024
11376225
11221068
11519673
11224470
11279820
11378406
11220672
11475780
11223969
11370009
11276436
11228874
11395032
11277462
11368482
11225241
11332479
11213850
11227050
11423190
11220696
11269248
11279631
11365359
11214192
11280678
11419503
11226492
11275452
11216916
11366229
11326707
11223378
11218776
11270691
11279757
11272557
11419029
11227644
11224950
11430120
11273250
11375103
11279022
11367516
11226045
11327805
11221062
11787900
11770218
11280615
11426346
11282223
11353701
12142548
11916687
11314584
11358489
11521638
11290680
11282610
11212242
11224641
12167358
11970936
11903670
11459040
11552676
12309066
11921403
11537931
11536041
11690829
11328141
11647362
11350254
11219220
11272590
11358156
11274924
11273796
11217648
11222136
11649654
11460375
11212743
11267049
11319807
11221164
11329488
11222268
11223228
11266149
11225940
11275965
11273781
11225781
11225244
11362506
11270781
11327955
11283264
11220156
11271867
11279604
11214864
11264046
11276382
11274693
11224392
11271729
11221398
11220231
11319018
11222778
11280084
11219499
11224821
11379861
11222337
11216886
11269323
11222028
11273139
11273718
11215842
11675232
12236337
12335925
12575562
12334509
12418638
12291438
12261279
12072582
12005646
11949351
11901093
12024411
12345447
11969268
11606418
11554005
11600577
11591388
11424252
11275785
11273955
11269971
11226789
11272509
11274303
11241630
11306898
11222091
11267025
11273037
11275167
11268324
11224257
11217408
11323239
11274744
11223483
11270811
11214051
11269131
11332731
11219610
11217864
11277108
11332515
11220030
11279997
11218728
11219301
11367972
11221149
11219025
11273820
11276610
11273616
11275167
11216796
11224023
11324289
11279946
11223822
11273913
11219457
11319288
11277264
11219652
11219088
11272707
11329272
11278086
11263095
11220411
11220864
11350437
11222205
11278197
11271348
11271345
11267037
11279148
11217153
11249088
11301582
11268162
11271333
11223198
11215860
11328420
11269797
11221092
11266338
11222184
11279235
11320023
11222286
11215512
11290272
11259717
11222439
11276697
11220768
11646120
11637129
11471544
11263794
11314098
11279613
11324634
11273766
11214687
11278098
11274987
11270931
11216646
11269698
11271783
11358447
11328477
11220396
11221386
11302023
11222730
11266494
11279205
11250243
11245767
11271396
11276151
11214213
11327103
11275491
11270493
11266551
11225082
11325075
11223156
11270073
11390304
11220525
11329299
11276466
11275830
11211429
11290005
11927430
11588019
11429496
11528703
11649114
11366076
11217405
11272782
11342070
11220549
11214243
11272350
11268270
11219886
11275830
11219571
11219028
11322846
11217441
11225955
11278140
11216703
12331218
11921388
11350533
11273826
11474820
11224770
11273181
11221758
11220393
11329557
11213445
11222934
11270817
11218434
11265720
11276928
11224449
11218008
11276004
11271807
11215443
11269317
11218287
11211531
11325243
11218389
11216613
11275923
11224500
11269917
11265447
11221518
11221083
11271507
11276250
11218773
11273319
11206452
11214381
11324811
11218059
11221167
11274894
11217915
11264238
11763465
11511438
11225178
11330619
11270310
11587659
11498676
11307921
11393160
11223567
11425980
11277906
11278224
11274174
11412141
11651187
11254752
11390106
11278305
11364738
11279436
11212071
11290032
11328768
11219202
11264868
11270952
11218701
11264283
11271348
11266422
11216103
11271786
11269167
11219445
11261013
11217888
11267181
11270700
11277180
11221659
11275041
11266962
11221491
11272599
11223732
11219085
11328504
11222151
11211783
11412396
11234592
11275806
11274396
11219493
11218881
11265696
11265030
11247744
11244225
11219145
11271636
11261319
11223021
11330382
11266620
11217042
11321016
11223369
11211825
11275590
11213430
11269650
11270181
11217357
11218728
11270040
11274894
11215038
11270028
11223948
11304468
11296239
11210058
11220324
11275179
11267934
11221116
11271129
11217297
11211531
11332752
11221020
11214897
11273142
11220165
11271579
11269101
11220348
11210586
11409519
11296515
11216322
11272521
11214900
11223285
11324844
11218710
11225556
11277138
11217996
11260809
11275257
11215707
11220777
11272491
11272740
11268192
11218449
11224323
11267892
11272452
11222475
11276814
11217270
11221611
11321247
11217501
11217936
11329050
11274750
11209101
11269155
11224056
11221899
11324691
11222931
11219745
11260983
11222553
11269209
11271627
11220621
11220399
11273139
11270562
11219619
11272764
11219349
11222709
11371146
11221035
11214252
11270700
11216307
11273613
11327577
11221911
11216625
11271663
11266347
11214942
11271981
11216205
11218899
11320047
12072264
11413485
11271885
11218413
11318952
11225166
11219739
11267580
11274162
11218623
11267319
11219322
11219751
11332812
11216508
11220018
11264007
11222472
11268321
11361621
11532474
11525064
11431752
11272020
11218146
11275230
11226498
11222571
11314275
11224380
11221581
11400315
11219595
11327370
11271450
11214783
11217195
11281077
11268066
11214105
11274897
11218458
11211252
11321496
11215488
11218608
11270613
11217429
11269665
11264895
11220342
11217327
11325420
11219757
11222448
11372181
11218419
11327181
11220933
11218260
11267514
11225082
11311701
11277933
11223597
11215719
11274207
11284938
11223372
11266251
11219526
11213877
11321823
11220258
11221704
11321145
11211519
11267082
11268432
11216175
11277345
11763480
12300471
12311538
12923625
12495519
12363945
12287160
12261189
12136869
11889555
11672622
11609046
11776761
12565704
12125835
11595174
11525361
11598129
11322204
11322852
11221050
11218554
11323923
11218734
11275566
11276559
11221071
11274678
11273940
11271252
11210436
11280306
11275173
11211720
11325615
11220720
11279415
11271426
11221350
11271054
11277129
11276484
11221164
11569137
11791212
11523402
11332272
11220297
11321493
11275869
11280447
11220450
11267463
11269713
11275515
11335629
11218818
11219382
11332053
11220288
11274972
11271576
11225457
11270757
11325246
11212599
11274780
11218932
11272698
11320488
11223069
11216682
11265762
11275053
11277774
11273589
11217414
11219667
11318709
11272635
11216958
11272188
11714334
11553708
11272662
11269953
11220315
11318058
11279244
11219700
11267997
11218833
11274279
11383140
11219733
11358987
11279967
11331780
11224698
11267625
11211129
11214744
11381493
11220873
11217285
11277978
11245989
11290860
11278185
11217579
11216613
11329569
11274228
11224089
11269344
11271360
11300814
11306322
11217945
11268966
11220696
11269665
11326791
11217486
11217069
11334141
11278170
11214933
11264190
11223441
11278968
11324811
11218830
11222670
11271489
11383323
11269392
11520144
11297922
11307324
11315022
11274018
11214999
11274972
11279547
11930580
11617047
11309709
11283396
11326473
11348850
11336205
11332665
11220219
11219454
11272854
11273208
11211342
11268024
11218101
11225442
11325987
11218917
11250261
11980254
12195354
11531721
11276916
11219850
11334525
11275182
11212761
11274393
11217912
11211999
11323110
11223855
11501409
11526270
11850900
11421228
11344038
11225988
11219337
11269914
11267922
11215347
11279757
11213871
11224062
11324922
11216043
11220726
11266896
11297091
11242677
11272371
11223660
11214399
11318625
11270937
11219382
11273916
11219205
11296947
11250867
11227842
11269170
11220078
11266107
11551359
11522787
11222802
11274867
11268267
11217549
11273964
11216445
11217762
11320992
11219478
11208303
11275836
11217795
11263833
11271945
11226465
11211279
11272683
11350143
11216628
11273634
11273538
11220090
11322516
11223471
11219922
11268063
11222340
11272905
11298456
11503014
11222637
11597733
11223345
11220363
11275173
11370402
11271909
11276415
11223114
11223249
11276112
11273745
11210904
11264739
11223435
11726841
11336121
11365704
11281917
11223780
11214558
11325324
11222931
11220948
11277813
11227521
11273661
11260074
11216103
11221599
11277417
11439627
11223045
11605275
11522523
11280225
11374911
11335110
11222706
11271807
11622708
11483913
11411733
11226516
11221860
11479608
11226384
11584305
11471538
11367078
11279274
11274012
11375295
11221950
11643957
11471103
11415378
11224944
11218806
12073806
11904792
11632845
11352597
11426937
11563146
11395752
11261982
11427819
11613828
11288811
11562858
11496693
11366901
11236095
11330430
11373975
11225268
11637444
11477190
11420907
11277858
11223969
11372772
11280870
11650653
11513520
11377647
11220129
11274153
11383071
11226336
11601918
11826666
11838669
11556834
11355354
12382791
11760219
11609436
11337774
11478573
11392125
11365890
11386818
11229357
11426856
11276586
11615745
11451462
11422758
11229069
11307270
11291076
11274372
11607894
11435985
11363865
11335575
11341839
12347157
11747178
11454957
11502126
11451261
12291165
11900607
11639598
11527707
11352576
11289600
12161169
11911620
11849556
11531460
11470863
12188823
11922855
11586597
11375841
11419101
11574186
11537304
11361912
11660733
12211179
11625468
11744379
11390886
11285898
11277816
11221824
11268789
11266029
11220381
11217015
11322240
11222619
11243064
11241438
11458038
11507190
11342451
12245226
11890629
11526021
11543112
11638191
11393805
11215710
11270430
11269791
11371245
11277555
11469381
11539092
11518905
11227140
11220435
11409480
11247618
11254155
11271564
11215791
11217201
11317233
11586777
11488440
11273922
11221776
11265714
11275185
11220720
11274147
11219700
11271972
11318067
11218605
11218080
11277609
11276349
11222043
11274879
11220411
11219553
11328729
11221725
11560341
11500917
11365662
11277555
11414397
11615778
12083382
12481731
12610653
12387465
12435384
12359394
12267087
12028425
11737218
11618826
11546190
11645697
12518478
11935455
11922669
11693736
11522715
11557566
11424348
11220948
11335764
11628687
11428698
11426703
11221677
11421828
11334783
11330493
11659605
11275926
11267652
11273061
11272470
11222976
11320251
11332788
11222871
11477343
11281920
11275776
11281119
11268858
11222322
11218419
11314122
11275896
11222673
11271687
11217321
11267892
11330754
11223123
11221065
11277735
11332545
11212974
11273571
11221998
11218557
11376756
11224299
11221830
11268057
11277612
11356323
11246031
11219673
11541729
11539092
11409201
11282418
11222106
11366022
11416092
11695041
11466771
11416995
11287455
11330613
11484765
11341266
11626899
11446686
11272887
11211327
11269584
11219106
11276115
11326665
11225802
11216208
11321094
11225457
11261952
11273952
11217378
11274249
11278596
11267505
11218788
11272560
11278572
11216532
11321184
11214168
11215701
11329287
11267367
11325615
11216754
11289570
11269089
11328537
11221545
11266740
11273364
11219124
11324883
11219340
11223564
11330709
11225865
11273595
11274891
11331342
11219949
11280681
11271759
11218653
11332965
11231352
11221026
11317998
11220093
11274870
11273796
11338302
11273253
11377926
11220921
11217873
11275848
11264667
11272821
11757495
11562447
11318505
11310321
11332662
11217591
11272899
11246052
11244993
11269119
11210685
11223423
11323326
11214249
11270955
11221314
11213046
11322900
11218176
11214525
11273775
11828544
11990838
11794617
11526945
12057078
11400414
11396631
11220633
11274402
11271987
11225814
11320455
11222766
11215029
11281131
11275164
11268621
11278326
11213187
11221731
11326392
11219493
11218149
11270049
11220513
11319672
11272431
11218230
11221107
11271756
11272197
11217345
11276037
11218962
11246742
11301342
11214381
11273874
11211546
11218254
11321316
11218809
11220147
11433216
11533275
11586078
11578653
11535555
11576703
11641947
11636319
11580042
12800256
12375189
12362664
11515863
11527440
11588637
11535147
11428680
11388300
11221497
11221740
11262867
11455509
12530406
11734287
11278122
11333676
11325402
11274762
11208288
12149676
11883477
11389380
11442468
11582103
11536662
11638140
11529423
11527557
12366660
12470304
12424566
11978106
11748414
12136989
12882636
11877288
11546403
12197529
11903640
11712381
11551518
11724270
12276219
12079767
11646759
11542968
12098022
11940402
11743383
11560584
11710212
12136041
11776263
11662716
11821776
11533959
11521479
11208957
12146295
11949684
12214407
11906034
11630547
11517090
11687184
11950797
11828229
11443875
11809341
12064245
11975487
11522583
11534361
11559528
12004623
11861496
11547321
11248419
11679885
11884641
11735925
11421006
11561361
11824716
11951637
11383203
11672940
11970573
12289950
11889960
11990265
11540229
11279277
11224923
11215803
11327127
11222388
11271225
11323791
11220258
11273166
11264154
11215194
11220798
11330103
11274609
11224569
11276571
11217087
11222391
11329110
11218716
11219805
11271927
11224764
11263434
11273793
11224515
11221767
11271810
11268624
11227275
11266410
11219085
11217759
11326392
11333625
11217717
11267748
11270547
11216004
11264868
11323389
11217249
11380761
11217630
11309742
11244792
11217438
11325144
11225826
11324811
11385291
11375226
11377329
11279385
11216298
11220837
11273202
11265807
11219205
11270793
11216340
11219637
11323626
11220126
11219112
11278974
11213976
11277426
11270259
11220156
11219994
11269095
11275569
11212713
11269593
11222316
11221557
11317542
11212884
11218578
11271279
11271093
11228865
11272953
11217711
11216604
11372172
11223438
11237517
11309652
11216802
11330946
11274621
11225304
11216289
11269821
11270529
11216100
11278530
11218707
11251725
11295351
11214723
11274342
11218446
11207730
11316189
11221731
11215899
11274105
11220171
11266779
11269041
11220738
11222463
11270199
11382597
11223297
11269140
11217882
11218377
11324004
11222685
11240580
11307558
11321616
11216070
11274318
11221416
11223897
11327868
11220837
11214681
11259564
11222760
11268897
11268555
11222616
11222628
11271147
11261505
11221767
11277819
11274318
11217690
11327934
11291343
12103791
11534370
11228226
11264259
11277111
11272389
11276151
11219064
11272332
11271618
11221362
11273880
11437767
11278092
11266812
11276310
11270991
11215998
11324658
11217258
11221101
11268336
11339748
11226696
11266632
11277597
11221158
11327154
11216844
11219286
11325420
11220471
11268900
11275041
11216370
11216418
11271027
11275122
11215461
11326407
11225484
11216496
11313162
11221011
11219748
11329383
11273367
11269053
11276586
11216532
11276610
11402811
12537042
12289455
12067338
12371046
12366069
11975283
11587854
11531403
11545233
11700675
11426286
11219313
11324241
11273529
11266059
11212107
11279787
11221338
11222346
11326686
11219046
11213301
11276853
11691147
11479110
11738232
11749374
12567537
12509256
12385164
12414519
12358713
12289470
12225867
11932929
11881563
11672745
11621439
12383640
11924199
11606235
11645769
11650839
11528901
11544564
11538693
11367789
11380383
11223195
11219331
11269608
11216217
11323746
11273772
11219169
11217444
11378667
11275803
11221527
11276379
11222847
11352837
11250375
11223765
11266071
11215287
11325564
11275386
11223264
11218620
11270796
11324781
11220363
11274936
11216994
11273736
11320374
11282781
11210241
11279889
11273706
11268969
11384361
11223078
11332719
11276853
11275002
11215221
11276100
11270163
11220639
11327961
11214342
11219484
11330820
11249532
11248947
11322636
11220477
11271996
11330883
11217228
11211798
11356608
11246451
11273007
11268738
11218983
11273862
11275827
11274726
11799093
11991501
11709012
11292393
11450577
11222178
11278020
11218986
11218920
11318223
11215302
11220852
11278608
11222412
11268216
11266971
11217297
11223270
11272437
11271981
11274702
11271669
11222082
11261745
11274960
11219775
11222283
11274096
11270271
11221560
11272119
11216469
11353911
11336892
11222322
11220036
11329293
11213271
11271546
11273706
11216823
11220183
11272854
11271663
11213139
11264976
11218419
11220684
11329044
11221914
11512251
11591973
11270727
11480571
11223603
11366760
11273853
11476875
11551035
11641410
11637186
11352870
11530365
11225787
11509329
11531592
11365869
11283744
11297418
11368791
11223717
11573985
11524638
11212128
11279730
11215416
11220444
11327259
11215098
11221119
11265714
11221173
11654988
11876289
11217207
11254263
11245743
11268291
11262546
11218950
11220090
11269488
11267862
11222448
11277354
11215428
11277951
11275860
11222685
11220639
11271300
11267094
11221506
11273778
11223222
11221977
11322588
11223441
11219289
11273997
11219394
11272824
11270424
11221788
11223006
11270208
11272965
11222706
11271870
11220555
11221407
11325075
11212233
11278614
11275314
11584419
11891688
11832567
11227572
11371635
11275545
11277666
11669355
11439009
11367888
11288640
11369151
11218773
11333862
11634660
11480031
11428332
11226987
11219559
11263476
11480490
11540283
11267934
11219811
11213280
11319840
11221281
11211156
11276577
11218173
11275971
11274870
11212392
11215092
11266362
11265501
11218269
11275167
11225346
11218053
11315937
11321457
11215605
11273298
11218683
11274423
11269593
11215962
11220462
11326482
11220420
11481009
11280669
11551986
11586585
11224509
11373201
11272668
11482131
11277372
11424765
11228007
11300304
11337954
11271234
11477016
11279733
11374401
11227695
11466804
11228907
11222898
11281848
11217927
11325804
11274396
11213487
11219994
11269368
11274576
11277144
11274933
11222625
11213385
11327862
11221737
11217504
11271339
11578713
11487921
11415360
11233338
11224182
11476956
11225415
11592705
11473509
11362728
11337057
11227731
11372928
11278338
11600508
11463891
11274642
11223114
11222748
11274357
11271645
11217768
11276856
11215371
11220855
11320299
11216940
11219430
11274528
11218869
11266866
11269545
11217228
11218827
11326182
11273400
11218149
11264322
11223417
11269662
11273103
11221026
11216556
11277147
11495238
11551878
11337570
11370366
11224215
11477232
11228829
11464245
11624574
11270265
11452338
11249850
11367423
11285718
11478435
11546070
11309271
11221464
11213982
11424348
11282205
11272950
11268279
11229165
11220777
11324931
11221410
11272653
11523663
11543907
11264796
11276751
11227146
11365395
11786982
12328788
12517920
12697821
12374790
12238956
12296331
12268569
12244077
12233604
11843823
11700753
11740341
12453642
12241911
11555904
11837061
11857179
11606853
11683428
11549166
11526369
11533374
11630367
11226597
11406822
11230047
11277537
11478036
11228898
11528337
11603016
11421408
11281695
11276631
11371428
11281311
11600139
11518311
11365314
11268951
11280081
11425164
11265816
11936343
12187608
11735415
11513421
11593542
11369235
11285457
11275284
11277033
11520843
11550459
11275860
11221071
11303244
11222352
11275023
11562279
11537658
11323638
11264700
11275941
11380125
11398050
11591613
11525649
11481627
11223291
11324238
11379063
11279685
11277549
11224164
11532093
11509461
11352729
11223210
11277717
11422875
11224176
11335740
11214780
11218185
11331273
11251575
11246487
11276226
11218659
11265987
11326668
11222961
11220492
11268924
11272179
11278035
11265831
11220069
12490248
11914266
11376003
11332971
11327730
11393370
11276343
11274531
11218776
11219328
11323683
11275215
11273349
11214516
11221677
11323812
11277852
11219454
11276217
11216583
11321730
11332320
11222130
11217111
11764149
12294060
12250953
11287647
11214474
11999358
12406347
11820423
11619033
11498394
11341146
11342820
11338452
11269557
11218191
11358312
11225466
11217234
11271492
11788896
12546123
12182004
12197793
12494280
12699987
12383502
12448623
12511779
12517950
12477750
12454086
12260307
12365019
12356568
12101931
12397743
12518820
12365328
12305436
12309792
12006246
12252351
12688332
12306579
12177663
11960571
11889435
12354507
12413247
12376152
12042885
12306981
11871813
12000624
11738748
11697681
11978781
12146952
11915745
11609952
11880255
11971656
12026196
11876334
11693865
11999304
12086304
12141882
11960784
11730090
12027861
12044712
11573829
11802660
12313149
11931072
11961021
11837607
11700807
12071244
11866863
12055959
11635974
11699910
12186981
12006990
11570484
11757534
11876967
11998389
11900268
11791257
11788575
12139506
11934486
11947323
11751456
11677083
11949138
12112890
11896257
11715606
11956185
11964498
11904462
11751654
11793264
12054408
12061404
11914170
11751441
11881020
11804121
12072312
11682495
11743782
11964987
12016683
11858223
11744673
12108705
11837763
11769270
11548359
11727834
11882838
11826093
11629584
11531973
11599047
11393157
11426862
11280279
11305548
11337522
11329026
11421576
11218857
11514129
11543019
11470875
11281794
11223837
11421789
11284185
11321703
11222853
11456109
11475021
12167397
11960169
11387925
11424369
11281134
11468694
11543622
11258940
11430687
11273607
11646792
11475921
11512212
11554461
11210613
11318298
11221434
11219388
11544726
12012738
11814084
11280003
11209506
11224569
11317053
11223453
11444640
11284164
11767320
12183600
11691384
11660430
11418147
11428872
11274657
11501013
11568999
11408223
12034089
11855313
11504607
11676222
11584644
11278896
11477190
11286711
11217387
11319744
12322743
11739507
11323629
11317986
11219394
11324619
11216019
11222796
11279643
11576259
12290886
11666325
11420043
11322573
11221689
11655006
11462949
11420241
11224575
12371451
11912259
11477034
11276799
11228112
11471481
11275629
11417634
11242320
11511996
11267601
11219904
11403972
11226072
11418285
11329707
11453646
11224971
11280849
11423964
11274699
11475198
11228619
11449689
11471655
11335452
11476863
11227554
11419575
11327856
11425269
11217198
11327187
11370525
11276391
11541057
11525952
11421855
11279988
11465769
11233332
11278287
11220780
11219520
11323665
11228814
11213058
11269818
11221917
11264217
11268630
11218521
11224044
11267118
11276184
11224365
11478249
11225946
11423961
11331348
11408739
11230140
11280339
11419677
11331282
11422233
11421192
12164388
11763051
11223927
11503143
11221269
11420136
11381997
11425209
11218092
11280624
11433672
11272857
11609220
11404737
11544471
11280228
11327676
11373369
11277933
11421999
11232135
11494389
11275659
11328666
11370015
11272968
11675826
11379120
11419701
11285268
11465856
11555124
11308833
11653302
11354838
11519073
11230953
11425683
11278089
11305026
11484303
11278389
11220465
11582847
11735709
12827196
12637617
12321678
12573228
12285360
12275043
12116850
12002685
11721405
11618946
11736699
12386613
11920956
11601558
11577747
11549751
11599839
11542380
11528289
11223156
11281116
11547561
12184380
11626668
11280099
11282517
11276442
11321757
11268288
11218962
11330547
11600946
12172341
11770596
11474970
11484177
11288004
11465010
11524533
11404050
11768454
12280074
11857290
11592756
11320305
11228013
11216973
11372349
11278095
11220948
12091329
11822142
11461662
11626371
11527920
11531172
11639277
11531727
11584566
12178938
12425598
11624073
11470089
11227584
11275473
11605191
11389698
11533125
11264118
12336363
11897319
11590611
11327748
11279244
11431044
11276601
11275308
11392137
11411283
11287686
11276430
11422404
11333907
11223864
11215551
11511246
11282856
11309742
12183234
11876811
11880390
11799930
11225880
11269623
11341086
11585832
11438247
11424081
11224572
11326647
11218737
11421756
11669184
11395821
11323032
11276463
11616882
12173178
12132714
12325674
12076206
11923122
12433233
11861841
11611764
11799618
12316164
12299076
12206196
11914200
11957016
12071613
12350205
12256080
12320361
