1940944
1921969
1964576
1820259
1821023
1848437
1830514
1811179
1805892
1858511
1817182
1807385
1803182
1803099
1802960
1805184
1840664
1805176
1804315
1803974
1803446
1801953
1803988
1860820
1704294
1703453
1702522
1703217
1704155
1703147
1703776
1753054
1714357
1711946
1710060
1708674
1711422
1707882
1702425
1744800
1723642
1713631
1709980
1704492
1702696
1702522
1750087
1642490
1614582
1613568
1615626
1614768
1613658
1613658
1613610
1643160
1612794
1612950
1613880
1613466
1613268
1614396
1613988
1637280
1614336
1613592
1613112
1612830
1614126
1614186
1614252
1644084
1533609
1532421
1533114
1533198
1532997
1532592
1532244
1558398
1534611
1535271
1535550
1532883
1533207
1533267
1533060
1532805
1547223
1548414
1546347
1537107
1533141
1532487
1532751
1533042
1578990
1460628
1460928
1460622
1459920
1459854
1459536
1460166
1460166
1471950
1461510
1463094
1462902
1462650
1462764
1464270
1463154
1462806
1470870
1460826
1459956
1460142
1460952
1460484
1460340
1459914
1460088
1494612
1393692
1393410
1393716
1394274
1393314
1393848
1393818
1393866
1393896
1404024
1394016
1394718
1393938
1394580
1392960
1393806
1394172
1393878
1401156
1394280
1394010
1393254
1393932
1402950
1402650
1400286
1399440
1400520
1388655
1333098
1334077
1333347
1333621
1333367
1333556
1333668
1333728
1340734
1333571
1333459
1332966
1333815
1333870
1335307
1336079
1335845
1335982
1342993
1333723
1333673
1333571
1333780
1333160
1333242
1333785
1333661
1333168
1355399
1277986
1278288
1279014
1277722
1278049
1277412
1278090
1277958
1277773
1285771
1278085
1277359
1278039
1277438
1278471
1278161
1298758
1287675
1287561
1292808
1323394
1290112
1305528
1309737
1299629
1283898
1289343
1288929
1287802
1283578
1321932
1229500
1227174
1227194
1226960
1227847
1227107
1226818
1226853
1226611
1245527
1228828
1226915
1227017
1226621
1226434
1227137
1226564
1226885
1227406
1226016
1256095
1228026
1227012
1227451
1227122
1227356
1226634
1227249
1233625
1242770
1256665
1289408
1183040
1180035
1180487
1179827
1180065
1179420
1179760
1185857
1194357
1190838
1215715
1182705
1182034
1182039
1181593
1182040
1182502
1182192
1182217
1183756
1182390
1191300
1181953
1181187
1181817
1181573
1181516
1181268
1181446
1181857
1182192
1182232
1201587
1136436
1135772
1136116
1135564
1135312
1136356
1135752
1136396
1143664
1166928
1162972
1186880
1151560
1139532
1137216
1137964
1136420
1136200
1136436
1135932
1136912
1138740
1177483
1202900
1223861
1137944
1135820
1136540
1136700
1137176
1136296
1136784
1135596
1166928
1123356
1096124
1095976
1094969
1095332
1095777
1096635
1095749
1095980
1095530
1139478
1104242
1095741
1096165
1095868
1095381
1095435
1096071
1095719
1096260
1095282
1096260
1096058
1102010
1096091
1101003
1112991
1279604
1154802
1096586
1095761
1095695
1095868
1096066
1095138
1141013
1058940
1064064
1069768
1069368
1064596
1058052
1058600
1058572
1058532
1058120
1057960
1072752
1058228
1057536
1058280
1058012
1058804
1057704
1060136
1059836
1059508
1060180
1060204
1059712
1075260
1059692
1059876
1060872
1059852
1059864
1060284
1060412
1059580
1059832
1060052
1060188
1101000
1024792
1022834
1022414
1022832
1024630
1035734
1059444
1052196
1041956
1027596
1023970
1023500
1057922
1023582
1022976
1022814
1024872
1034690
1039084
1049458
1045502
1049722
1034038
1026024
1025130
1054350
1023482
1022912
1022872
1023198
1023912
1023186
1023294
1022364
1022904
1022834
1022782
1068722
991864
990072
989972
990344
990320
990200
990136
990184
989916
990300
989528
989756
989928
1014008
990404
989472
990256
989916
989912
989976
997288
1012420
1018704
1013780
996704
992800
1022700
990976
989976
989960
989896
989952
993216
1004460
999148
998860
991980
990168
989556
1041117
960275
959199
958498
959154
958608
959183
959348
959157
958828
959376
959446
958745
958724
966224
959054
958758
959063
959112
959215
960251
959987
959541
958852
959050
959194
958675
966681
960643
960354
960787
960750
960972
961224
960403
960592
960952
960984
960362
967041
982406
1022524
933100
930200
930120
930560
930568
930384
930752
938460
940724
937928
934320
932164
931904
945560
932548
931944
932048
931920
931572
932060
935412
930312
930048
930260
929976
929832
929852
938784
929832
932264
932356
931732
932140
931936
932336
931728
931556
931856
932072
931824
931496
958837
902631
902454
903183
902580
902616
902724
903408
903687
903219
903222
904113
903279
902670
902769
912756
905574
903375
902901
902994
902742
903519
902895
902703
902988
903039
902787
902346
902454
908808
903066
902769
902709
903060
903177
903405
902844
902493
902556
902244
902745
903057
902139
902784
918432
878616
878055
877368
877413
876810
876810
876714
877815
877275
876987
876825
877206
877368
877095
882477
876597
877029
877128
877341
876894
877533
876930
876717
877236
876885
877407
921963
1023828
900807
877521
876954
882147
885633
935874
879714
877140
877284
878955
877017
877068
877554
876603
876999
895269
877386
876927
877161
877530
877119
877215
877344
876564
880725
852525
852456
852762
853317
853098
859407
885786
852966
852741
852783
853224
853251
852516
852789
852597
852897
852984
852486
852846
853197
852534
869322
853497
852690
852771
852522
852681
853137
852981
852576
852258
852633
852519
853101
852225
855189
1040685
996591
854847
891522
878004
884079
885780
937224
879342
877074
876612
877623
876711
876672
877089
901944
877608
876819
877032
877710
877269
876900
876804
894081
854118
853785
853017
852909
852888
853413
859311
852552
852417
852564
852516
852381
852051
852879
853065
852690
853206
852708
852489
852387
852825
917211
853257
852501
852660
852735
852495
853137
852828
853242
851994
852696
852897
852291
852222
852861
853038
868092
887571
1109646
949248
884103
877626
877782
877911
942432
911007
912153
877677
876759
878274
909588
877374
877389
877578
877017
877137
877107
876930
878208
883521
852585
852654
852372
852522
852822
869091
853926
852861
852852
852720
852765
853290
852906
852831
852741
853389
853767
852927
853332
852753
852927
922911
853134
853218
853149
852783
852477
852813
853845
852906
852225
853011
852981
852888
853128
852267
866898
853281
853248
853218
853404
925650
1045449
858678
853188
853302
986757
885711
936534
882231
877674
906096
877683
877812
878142
878181
876801
876774
876729
876696
876996
876606
876942
877245
877443
877287
885207
885750
852549
852564
852906
852546
852831
852978
852894
852456
853179
853134
852843
853350
852699
913077
853443
853917
852963
852990
852648
852963
852975
852795
853191
852594
854133
852156
853305
853515
867969
853509
852927
853164
852924
853119
853167
856236
1000422
1033539
862629
892992
878703
886905
887433
913311
937296
878808
877305
876987
877641
877428
877020
877278
877758
876969
876750
877017
877536
876960
900186
895707
852822
853224
853269
852849
970206
973635
895872
864288
969114
907452
878031
877203
876891
917220
877803
876999
877152
877005
877308
877152
876924
899145
853329
853965
852903
852498
852885
852963
867699
852876
852786
852768
852651
852894
853044
853146
853626
853077
852441
854079
853470
852495
853143
858564
958977
1011105
1093632
908979
878154
877293
877521
878583
877191
876711
876546
876810
876810
877086
893067
893250
852771
853137
853242
853245
852945
852366
852774
852774
852348
852720
853839
853182
853230
858069
852765
852474
852732
854142
852807
853275
852639
853035
853095
852813
852969
852231
852477
852648
859194
852828
852327
852972
853491
852840
852858
852885
852690
852453
853089
853050
852687
852213
852906
852963
871581
829527
830004
829995
857979
971634
830595
829731
829752
829917
829515
829710
882990
829284
830016
835134
830046
830142
830079
830286
830646
829707
829212
830184
830976
830820
831180
831657
831327
832656
831330
835983
831222
831432
831951
831159
831153
831330
832014
831618
831300
831486
831585
831675
831435
831831
830964
836595
829608
829806
829746
856845
855969
829596
829695
830136
829545
829653
829329
829485
831504
831588
831336
836229
831300
831399
831258
831111
830994
831906
882240
830655
830394
830259
829875
829683
829596
829392
835596
828813
829935
830115
829818
830007
830391
829773
829176
829914
829704
829566
829206
883038
831144
830151
836742
829989
829329
829611
829740
830019
829380
829632
829458
829590
829551
829827
829728
830040
829728
830010
834243
829647
942354
830046
830127
829998
829962
829698
829512
829728
829902
829599
829839
830136
829773
829911
838038
829461
829839
829269
829698
883905
831072
829830
829740
829923
881394
830199
830004
829941
829683
837819
829677
829935
830337
829845
830025
830520
829758
829875
830142
884004
830724
829608
830016
829872
829617
835929
829707
829782
830001
829839
829353
829365
829692
829866
829899
829563
829929
829869
855624
858579
830028
889677
830901
830715
829884
829563
830148
829767
829965
830160
829830
829767
829644
829869
829905
829998
830136
837285
830511
829770
829644
830409
830136
829746
829464
829881
829497
829857
829869
829704
881337
830100
835860
830139
829887
829914
829746
829557
882936
830760
829851
830133
829932
830085
830142
829911
829857
829728
835335
830037
830181
831024
831201
832782
831534
831318
831567
831450
831024
831750
831582
831453
831378
832122
837999
831714
831738
831339
831267
831294
831492
831324
831234
832041
832395
831174
830868
831780
884064
831423
840870
829785
829899
829650
830190
829929
829908
830034
829998
829755
830121
830370
830172
829497
829719
830571
886878
829980
830142
829683
829689
830469
829746
829752
829779
830007
829899
829908
829878
829404
829698
836721
829809
829851
829986
829710
829785
830319
883260
830709
830532
829524
829980
830463
830082
829257
830340
834807
830139
830421
829920
830889
831183
831363
831069
831264
831084
831720
832620
831624
831540
831102
831057
838026
831519
831465
831381
831780
831051
832077
831390
831852
831162
831276
831906
831582
830868
856104
860061
836268
830277
830208
881616
829839
829389
829962
830283
829488
830373
830133
829656
829788
830094
829551
835032
830025
829839
829743
829551
829362
829944
829680
829593
829755
829881
830847
829986
829506
830622
829479
834762
829788
829677
829683
830181
829773
829557
882429
831510
829929
829494
829704
829932
829839
830238
829710
836067
829767
829788
830391
829836
829563
829620
830565
829653
829767
830202
829776
829848
829455
830316
830163
834063
830031
830184
829629
830199
830214
881079
830310
829923
829764
830349
829545
829530
829740
830241
883386
837336
830748
829596
830292
829749
829914
829377
829956
829959
829818
830301
830310
830310
829878
829587
836526
829857
829794
829902
830127
830106
829869
830166
829878
830049
830220
829623
830223
829512
829905
830055
834714
829737
830229
830064
829791
830310
829812
829923
882687
830694
829866
829788
829740
830136
829758
829671
835449
829752
829632
829827
829956
830004
830307
830310
830094
881283
830019
829746
829608
829344
830049
829887
835932
829713
829671
829794
830124
829968
829794
829263
829263
829644
829662
830034
829965
829767
830577
830169
889122
830391
830127
830223
829332
829764
830202
829950
831342
831759
831345
831687
831588
831087
831282
836499
831327
832002
991683
861210
861930
891582
1000878
857238
853089
853200
853842
990918
885234
910902
949509
879201
877032
876963
876984
876594
877071
877479
878322
877890
877059
877362
880107
878781
877470
894003
877308
876987
880536
853083
852711
852672
852291
852693
852789
853557
857001
829809
829716
829929
836568
829452
829299
829767
829593
830163
829962
829521
829554
829890
830130
829908
829839
829902
829959
829455
836580
882306
831096
830388
829971
830118
829722
829584
885522
829797
830493
830253
829977
885888
830076
829983
835206
829638
829971
829755
829614
829923
830109
830319
830145
830025
829722
830208
829314
829656
829446
881457
834369
830508
829794
829857
830181
830046
829653
829599
830223
882735
829923
830406
829614
830004
829965
836478
829356
829860
829515
829695
829491
829737
830067
829758
830079
829674
829926
830166
830247
829335
829923
834870
829656
830250
829641
829602
829920
830064
829548
829593
882513
830604
829710
830187
829848
829827
829578
834738
856632
855735
829590
829713
829626
829464
829776
829911
830190
829494
829335
829941
829608
829980
829683
835704
829779
882108
830013
829773
829872
829920
829995
829911
829542
829347
829554
829719
829461
829386
829557
834921
830040
830178
829737
829623
829512
831189
829503
829920
883452
830619
829653
830436
829734
829509
834804
829518
829602
829824
829713
829998
941760
829605
830250
829728
829902
830334
829800
829482
829854
830085
840141
830313
830067
829755
830103
829656
830157
829680
829638
830430
830007
829773
829761
829869
830202
829713
836091
830034
883014
830367
829878
880962
829827
829977
829623
829737
829815
830049
830301
883395
831630
834750
830082
830232
829566
830058
829473
829911
829815
829842
830109
829818
830247
830133
829770
830367
829494
836064
854451
857481
830148
830463
829842
829428
829776
829359
829476
855993
856188
830085
829905
829959
829917
834798
829710
829590
830205
829611
829422
829803
830514
829533
829752
830334
829944
829383
830115
829818
829746
834558
829524
830130
829683
829824
830076
829347
829980
881220
884532
831387
829935
830274
829974
829755
829731
836700
829569
882813
830409
829707
829917
830208
829464
829788
829902
829512
829758
829518
829713
829953
835122
829716
829296
830034
829881
829758
829758
829683
829569
830013
829779
829920
829692
829773
830139
829812
835251
829935
829821
829575
830217
829743
830193
830043
829770
830460
829749
883212
831102
829554
830040
829542
836304
829521
829449
829995
830277
829710
829557
830043
829713
829899
853311
857382
830223
830001
830334
829896
834666
830433
829584
829542
830352
829896
830022
829878
829311
829770
829917
830121
829905
829743
830409
829821
834732
830184
829599
883020
830718
830037
829662
830079
829332
830397
830136
829875
829869
829599
830535
835980
829941
830091
829728
829782
830322
829485
829845
830346
829821
829713
829626
830142
830298
829857
831774
836460
832413
831513
831465
831573
831084
831360
831441
832260
831417
831048
854073
861180
829998
881055
830016
834564
830136
830508
829461
829941
830058
829632
829734
830232
829788
829995
829425
829767
829416
829914
830046
835341
829977
830013
829827
829725
829992
829746
829509
829779
829896
829446
829590
829791
829938
829809
829104
834507
829887
830238
859095
855042
830211
829884
829458
829734
829725
829578
829521
829302
830430
830013
834384
829929
829617
829773
829965
829683
829776
830076
829317
829554
829737
829587
829668
829560
830184
829479
835383
881277
829386
829737
830169
829716
829857
829539
829209
829875
829632
830199
882594
830748
830451
829212
835011
829911
829458
829692
829722
829710
829908
829962
829389
829833
829674
830271
829836
829836
830016
829605
834249
830070
829509
829632
829764
829608
829755
829464
830373
829743
829662
829719
829374
829320
829485
829887
835368
829953
829245
830166
882636
831177
830052
829722
871974
1017513
894099
831687
829917
873258
882657
908274
885798
936894
878454
877062
876870
877935
877023
877503
877320
876801
877197
877404
877161
877854
897828
878091
877236
877164
863343
830310
829863
829797
829881
830010
830820
830052
885267
831078
829371
838803
829728
830205
829617
829938
829779
829992
1031799
860226
862119
866031
1075821
863235
830490
895896
906939
877530
876774
876876
877200
876969
877368
876708
877143
877194
877515
877176
864153
829899
829617
872934
956784
910890
861636
830607
885411
889437
1108674
917529
853353
853053
852735
853359
877905
877935
892779
876606
877278
877401
876819
877137
876819
877623
876768
876729
876786
877440
864573
829803
830136
834762
829758
829827
829686
830115
830028
829689
830538
829767
829296
830013
829827
886263
856026
855912
829644
835689
830031
829899
830025
829905
829581
829728
829632
831648
831510
830958
831741
832008
831918
831432
831513
890217
830784
829689
829929
830094
829719
829323
829641
829923
998040
832212
830220
829770
829845
829623
835776
829614
829761
829860
829224
830007
883452
831201
830256
830565
830196
829269
829563
829935
829653
829695
836175
830244
829488
830595
829899
829977
830082
829590
830181
829623
830049
830076
829818
829908
830007
830100
836340
829764
829869
829932
829308
829794
829875
829785
830109
830019
830289
830298
829659
830619
882819
830349
834684
829599
830007
830085
829782
829623
830061
829779
829836
829818
829743
829854
881187
830550
830202
834690
829860
830226
829713
829701
829998
829611
830103
829608
829812
829728
829596
829776
829803
830076
829344
835719
829977
829911
829758
830307
829572
829461
883953
829932
829539
830043
829890
940593
830466
829821
829986
837693
829494
829620
829395
829755
829371
829758
829467
829683
829779
829938
830253
829755
829587
830031
829938
835203
830145
829800
829890
830688
829560
829131
829803
830001
829797
829776
830166
829260
829668
907374
866040
830937
829635
829422
882843
831177
829740
829743
886830
909198
832095
829716
829551
829974
829740
829737
836544
830082
829827
830181
829962
830013
829698
829560
829860
829602
830730
830025
829992
831078
829791
829578
834447
829857
829914
829707
829944
829830
829827
883656
830430
829419
829581
829728
829755
829704
829692
836655
829887
829572
829959
830079
830274
829779
830106
829731
829617
830049
829674
829743
829602
830169
830001
834918
829350
856854
853674
830013
829590
829668
829602
829722
829992
829506
831666
831462
831114
831024
855633
966624
829884
830034
829608
830148
829758
829911
829632
829635
829611
829653
829371
829473
830049
829833
830058
835374
829794
829539
829896
830280
829254
829356
829749
829659
830067
829782
829974
829917
829584
829683
829551
834825
829716
829698
829899
830385
830175
829824
883056
830511
829692
829959
829356
829182
829485
830271
834957
829605
829647
829827
829641
880785
829185
829329
829410
830412
830307
829794
829989
829965
829602
829737
835422
829773
829884
829443
829629
829440
829803
829695
829728
830064
829404
829575
829251
829683
829503
829404
889059
831438
830193
830004
829701
829827
829485
829374
829644
829674
829473
829809
829872
830214
829539
829704
834072
829425
829830
829953
829467
829350
830301
830046
829821
829860
829491
829242
829644
830229
830013
829068
835803
829812
830022
830061
829740
829932
829863
855639
909441
831138
829491
829464
829887
830145
830163
834714
829716
829842
829641
829917
830052
829491
829467
829767
830025
830004
829854
829311
829542
829980
829623
833928
829854
829356
829701
830223
829737
830142
830166
829560
829968
829725
830268
829386
829746
829977
829524
836322
883827
830607
829836
830376
829590
829350
829788
829368
830607
830616
830286
829902
829872
830379
829596
834510
829794
829626
830019
829917
829590
830010
829731
829578
830067
855177
855984
829545
829386
830178
834579
829989
830220
830001
829962
829755
830043
829638
830181
856263
856836
830241
830208
829839
829668
829815
836253
829515
829923
829224
829257
830289
829758
830064
829668
829539
829614
829602
831735
831411
831252
831150
836289
831840
831378
831195
831033
831222
831579
831561
831378
831198
831084
831009
831732
831909
831546
832050
835557
884235
831423
829590
829626
829614
829461
829917
830499
829659
830406
830106
829758
853851
856563
830130
836247
829764
829743
829749
830004
829467
829572
829491
829959
829647
830010
829668
829233
829728
829911
835689
829989
829569
829446
829395
829638
829986
829683
829557
830007
883701
830829
830454
829779
994242
861498
878805
892359
1001982
856788
852927
852684
854508
994065
884865
911631
908664
877509
877413
876879
878226
913302
877200
877389
877410
877185
877422
876729
877137
877416
876975
876771
877425
877065
853368
829686
921924
914964
859815
829698
829737
829671
830064
830226
829803
829800
831081
831207
831396
831561
831252
838170
831231
832053
831411
830856
830910
831261
831348
831924
831180
831474
831954
831315
831363
831357
831336
837741
831744
831537
885816
829992
829743
830022
829722
829692
829365
882315
831228
830289
829653
829926
830292
835407
829557
829644
829395
829446
829647
829800
829860
829842
829833
829956
829848
829173
829713
829830
829671
834171
829581
829887
881370
830418
829659
829968
829620
829707
829350
829617
829743
829182
830013
829800
836253
829770
829794
883092
831390
829491
829470
829680
829236
829833
829980
830025
829740
829506
829950
829524
834456
829998
829875
829770
829863
829653
829680
829848
829962
831378
831441
831363
830886
830529
830976
831216
838152
829944
830109
829869
830094
830052
829866
829707
829371
829353
830049
883530
831834
830157
830082
829764
837066
829725
830208
829674
829110
829878
881637
830139
829806
830376
829962
830355
829905
829446
829404
829554
834234
829980
830031
829845
829980
830118
829686
829941
829818
829731
829266
829629
829920
829812
829878
948420
830871
829260
857256
857310
830040
830058
829791
829959
829614
830019
829713
829752
829275
829560
829467
836967
830454
829563
829854
830592
829971
830343
830409
829899
829365
829833
829788
829632
829602
829449
829974
835872
829830
829719
829260
830181
829917
829584
882828
831918
881274
830109
883185
830247
829965
829422
834912
830022
830049
829725
829977
829773
829920
829614
830115
829659
829173
830157
829944
829563
829767
830148
835965
829695
829758
829620
829707
829641
829641
831234
831891
830961
831750
831666
831705
831453
831252
831207
836643
831687
831189
831504
883524
830427
830316
830001
830013
830280
829509
829419
830118
829554
829743
829755
835038
829191
830118
829683
829614
829464
830679
829932
829446
829698
829461
829983
881334
830277
830019
829587
836205
829566
830433
830118
829896
829740
829836
831036
831318
832071
831831
831735
884037
830106
830112
852357
830796
829851
830505
829746
829629
829554
829680
829965
829725
830367
829437
831339
831729
830688
831591
838314
831762
832629
831369
831258
831732
831606
831465
831426
830958
831762
831147
831336
831615
830814
831396
838611
831423
832425
831219
857094
857457
830082
830058
829992
829905
829974
829590
829629
829617
829776
881016
834456
830124
829533
829680
829806
829857
829653
830001
829518
829956
829866
829989
830073
829551
829407
829857
892962
830040
830283
829587
829656
829548
829593
830037
830127
829887
829611
829662
882825
830877
829722
837444
829746
830094
829971
829548
829902
830148
829701
830286
829329
829407
829920
829758
829725
829611
829695
834798
830100
829728
829521
830793
832053
831582
831342
831489
831219
831477
831405
831357
831933
831108
831078
835476
829755
880812
830175
829464
883299
830472
829680
829863
829422
829497
829884
829515
830238
829689
829656
836571
829503
829803
829725
829653
829776
829524
829530
829431
829764
830148
829818
829692
829602
829590
835392
829809
829734
829575
829782
829668
830058
830136
830055
829875
829419
829569
829620
829578
883752
829635
836022
830415
829944
829440
829680
829575
829755
829596
830055
829869
829494
829524
830277
829968
829683
830532
835599
829650
829596
829419
829881
880713
830148
829845
829905
829635
830046
830307
829872
829878
831141
831666
835959
832230
831426
831450
831261
855954
859761
829872
830316
829818
829998
830163
829737
829941
829704
829491
835320
830385
829716
829824
829530
829752
829707
830202
829392
829764
829845
829767
829911
829353
829761
836493
830214
829686
829503
829230
830256
829851
829896
830298
829671
829626
830085
829791
830643
860346
855408
834705
829824
830076
829803
830076
829176
829293
829941
880416
829779
829884
830193
829932
829950
830193
829647
835947
831420
832158
831201
831336
831597
831576
831468
831237
832002
830931
831099
831801
831090
831309
831969
1043661
859992
862161
887841
1001991
857484
854319
852411
853038
960507
959718
1091367
856068
852489
891531
886320
878349
877269
877143
877347
877203
877704
877491
877002
876780
877839
877197
876969
889302
894456
830490
830028
829644
830076
830280
829593
830115
830157
829572
829986
947289
885177
830319
855666
859083
840522
858051
852816
853047
853797
852981
852774
852657
853359
853113
853062
852369
852717
853527
866412
834636
884853
830193
829992
829428
829806
829800
830115
829653
829710
829734
830268
829902
829458
829557
829470
835095
830256
829350
829590
829815
830271
829965
883383
831222
829491
829665
830157
829446
830250
829221
830067
836742
830658
830010
829956
829500
829692
829680
829449
829959
829518
829674
829887
830181
856440
854715
835374
829848
829914
829482
829602
829665
830583
830136
829527
830214
829959
829578
830130
829296
829956
829377
889260
830568
830088
829539
829482
829917
829746
830055
829527
829869
829482
829368
830547
829893
829551
829857
836475
829428
829716
829503
829671
829638
829626
830298
830022
830454
829941
829848
829860
829626
829230
830172
835146
829779
830133
829863
830142
829737
829764
855588
856863
829878
829119
829815
829707
830367
829740
829884
860136
855777
829860
830025
830052
829344
829350
829686
829788
830109
829989
829725
829845
830592
829500
836193
829416
829332
940875
830421
830250
830010
829773
830250
829713
829998
829707
829434
829845
829905
830358
891501
830940
829635
829614
829545
829686
830172
829917
829641
829743
829872
829548
829632
829311
829860
829500
835257
830280
829494
829803
830004
829974
829890
829695
830487
830115
882747
831111
830184
829857
829977
836232
830049
829572
829515
881202
830337
829587
829827
830403
883326
830037
830400
830376
829599
830064
829923
835365
829476
829683
829650
830067
830172
830109
829782
829482
829398
829758
829551
829410
829527
829638
830439
834261
829554
830097
830253
829725
829866
829569
829800
829773
829611
829692
829554
830355
829599
829623
830319
859161
860184
829908
829674
829986
829914
830583
829638
830526
829608
829908
829914
829347
829701
829653
830139
835236
829557
829701
829551
829392
829713
858171
852753
830058
829701
830391
830118
829947
829713
829956
835542
829848
829863
829257
829992
829782
830655
829827
829758
859647
854931
829557
829710
829809
830037
829995
836568
829692
830025
829893
829605
829812
829800
830265
830022
829977
829767
829650
830328
829884
829854
829917
834432
829959
830202
829683
829584
829617
829638
829638
829716
830454
829476
829692
830076
829506
829713
830016
834177
883557
832047
829812
830346
829932
829638
829500
829758
857436
853383
830004
830175
830133
829662
830130
836313
829968
830004
829614
829491
830352
829446
829707
829455
830025
829863
829950
830412
829404
829281
835272
829974
829836
883572
1104138
910800
861939
830250
829752
856839
920985
876879
876792
877356
877614
897492
877662
876852
877527
877200
876720
877548
878682
858801
830127
829872
829797
829545
829938
829926
829743
896634
829605
830352
829869
829890
829728
829995
829971
830349
829488
829746
829851
881508
830022
830316
872193
854172
883185
829971
830142
829518
829800
829983
829908
830640
831381
831369
831546
831924
831411
831207
893748
830256
830313
881736
829890
830178
830004
830151
830409
829842
829947
830136
829800
829854
830124
830544
837432
830244
830142
829755
830055
829491
829374
829482
830493
829821
883257
831207
829668
829593
829671
829932
835671
830553
829416
829353
885555
831144
829782
829971
829620
829473
829614
886074
829941
830178
830832
886215
830196
829971
829500
830382
829536
829329
829605
830049
830100
830031
830283
829962
829836
829815
829581
836406
829689
853458
859905
830286
830037
830229
830079
829581
830082
829917
829710
829359
829650
829911
831741
838188
831795
831405
831606
831276
831375
830913
831189
831762
832053
831243
831153
831414
831660
832584
831747
836085
830817
831147
832155
831501
831303
831306
831552
831237
831372
860343
854589
829395
829071
829824
861189
1012233
998580
888072
882414
880527
881712
884376
886329
882348
880275
877815
878178
877467
877101
913629
853950
853026
1017678
889686
885816
890109
1022466
949140
875688
902886
903054
907392
912318
940248
912441
907299
903636
903882
903597
903303
902454
910491
877404
877314
876936
877119
877707
877656
922368
853626
852411
852975
852759
852963
852705
852807
852813
852852
853059
852636
852423
853005
852720
867696
853062
853077
853260
852606
852921
960489
854763
853029
852609
852930
853041
853755
852609
852846
852846
860331
852900
852741
852843
852777
853452
852924
852834
852585
854139
853323
852558
852723
853149
852927
888045
830523
829647
829758
829824
830277
830457
829524
830322
829977
830064
829848
829506
830337
829686
830136
836655
830046
829491
829911
883335
830616
830061
830037
829998
829782
829743
829794
829638
829578
829797
830001
835026
830304
829533
829974
829701
829767
829560
829761
882663
830334
829839
830367
829353
829824
829617
836994
829590
830073
829812
829812
830454
829794
829878
829884
829419
829746
829962
855933
857736
829842
830094
834579
830025
829734
830127
829710
829833
829419
829680
830166
829998
829728
829710
830277
829836
829545
829527
834036
830220
830424
829713
829683
830220
830043
829521
830046
830136
829707
829956
830448
861099
856380
830130
835551
829983
829896
829881
882639
830013
830037
830121
830430
829938
830190
881313
829791
830007
830139
835347
830253
830190
830322
829743
830205
829863
829608
829896
829956
830469
941031
830178
829686
830328
829539
838026
829698
829539
829761
830286
830001
867927
988224
863133
976149
972066
923352
972129
885135
884010
1016769
939555
893676
887196
980190
965211
925617
927552
935784
934329
935340
982554
932106
962094
990954
941325
967323
1053066
966087
913503
929985
888513
973986
975165
926574
917847
913656
915537
958770
922659
911373
907047
907680
908637
916023
906231
903303
903096
902613
902064
902544
903057
938376
913056
877257
877470
876999
876870
876741
876912
896436
852948
853308
853095
853086
852612
852972
868557
853383
852546
852606
852660
853347
852297
852810
852492
852810
852549
852801
852828
880440
888900
940350
865056
862092
859101
861876
1012026
893289
997446
932169
940917
1103910
994497
891282
887250
918351
880056
935376
970701
904752
902691
903396
903489
902631
902505
902361
902379
902604
902760
903324
924669
886755
853401
853029
852549
852924
853572
853473
852843
853101
852744
852954
852621
852870
852720
866994
853941
852837
853053
853971
852687
852819
852825
852681
852738
852444
852477
852888
853014
852873
852579
869553
853668
852714
853233
852660
852771
853803
852825
852423
852813
852951
852780
852708
852789
853473
920052
854355
853476
853602
956100
855333
853209
852624
853053
853311
853308
853347
852828
852753
853005
913815
853944
852789
852906
853008
853086
852759
853005
852663
852321
852687
852768
853089
852567
852738
853293
866997
829872
829758
830214
829503
829860
857826
856530
829758
830175
830364
829581
829671
830136
829617
835101
829905
830064
829992
829428
829845
829899
829764
829869
830139
829947
829995
830307
829923
830016
829788
834438
830400
829899
829953
830661
829617
829776
880953
829806
830286
830109
830388
830091
909606
887844
870024
838281
829737
829845
829611
830652
830229
829851
830310
830175
830355
830784
829959
829533
829887
830109
835200
830463
829878
830124
830112
830013
829479
829683
830325
830202
830016
830055
829629
829461
830400
830118
835170
830325
830070
830079
830097
829515
830073
830274
882963
831009
830373
830280
830115
829821
829905
829683
835692
829767
829473
830115
830022
829854
830025
829824
829608
829497
881979
829836
829761
829914
829722
829725
936123
830574
829737
829803
829773
829704
829473
829710
830298
830043
829824
830547
829575
829311
829443
855015
863280
830265
829587
829758
829686
829707
829872
830055
829653
829947
829422
830157
829263
829779
830133
839334
830013
829977
829587
829563
829689
829659
829602
829803
829911
829737
829866
865083
971445
922164
831534
898296
830535
973497
863307
1134084
915594
854235
853332
853734
853758
877611
876798
878919
879456
877329
890220
876777
876861
877002
877056
879435
879030
878493
878466
1022088
909120
887187
888516
890574
978111
879654
878658
877131
877407
877329
876882
877884
877683
898815
852819
852987
853242
853536
854082
868431
853716
864753
829929
829905
830112
829386
829980
829788
829584
829818
829797
830262
829884
829818
829854
836286
829878
830046
829515
975120
863943
1085490
975777
831426
829875
830580
908601
877296
877086
877263
892968
878727
877413
878187
877674
881814
895101
1014969
948780
889959
891678
921075
923817
975006
960210
927198
932568
927864
929466
928056
982287
941628
938562
974094
932385
926703
925980
970140
990384
1018440
893436
884142
880269
879885
878478
877476
877518
877050
877014
876999
877110
877404
877443
909810
880068
882054
852990
852279
852564
905025
915000
1130655
917133
854175
896859
878007
877653
890085
885024
877302
877371
881829
877122
877170
877275
876873
877440
883803
852720
852312
852396
852966
853728
869616
852582
853068
852675
852882
854460
855267
854202
854193
855144
855129
854565
854229
854487
854778
863064
854394
854223
854178
854370
854283
854694
854652
854556
854910
854382
854460
854403
854541
854673
859728
854490
854430
854571
854799
854226
854259
854331
854796
854313
854301
853995
853926
854862
855225
854379
859077
854178
855084
855366
855045
854130
854151
853686
854460
854328
854418
854316
855060
854589
854709
879507
829431
829344
830079
830316
830130
829974
829941
829875
830232
829602
829392
829776
829803
853650
859173
835122
829920
829479
830022
943797
830391
830112
830280
830586
830151
884124
830373
829569
829479
829515
837576
829698
830199
829662
829716
830073
830097
830070
829815
829770
829638
829749
829449
829887
830121
830103
837333
829941
830409
830103
829815
829755
830178
829455
829827
881373
829992
829968
883197
831321
829941
830292
834393
829374
830283
882825
830550
830565
829830
829908
829872
829512
829674
829746
830058
829593
829953
830016
834363
830295
830580
830241
829755
830085
829566
829536
830253
830082
829509
830115
830499
830085
829518
829644
835314
829488
830019
829521
830325
830493
830094
829932
830475
829686
829761
884382
830061
829626
830553
835098
829710
830361
830130
829800
829956
830085
829746
829641
829884
829614
829887
880905
830043
830328
829944
834618
829677
829809
830055
829620
829593
829359
829785
829530
830199
829674
829872
829545
830382
829731
829320
835551
829731
829665
857217
857217
830850
830151
830142
829707
830187
829536
829767
829923
829749
830277
830016
834696
829827
830298
829632
829872
829521
829785
829818
829833
830616
829842
830127
829821
829500
829017
829392
829620
830133
830100
829800
830238
829431
830589
830094
829791
829884
829488
882996
829740
830223
881310
837612
830148
830397
830058
829680
829455
829626
829857
853410
863313
830217
829947
829743
830331
830196
830061
835347
829881
830760
830019
829836
830208
829497
829953
829932
830367
829803
829716
829530
829968
829566
830538
834165
829887
830130
830073
883083
830085
829758
829710
829425
830457
830124
829674
830358
829701
829824
830478
836124
829629
830388
829653
829890
830682
829710
829488
829851
830451
829923
829677
830472
829536
831843
837327
832002
881250
883632
832050
830376
830412
829836
829752
829707
829974
831717
831114
883416
830310
829728
834453
829809
829950
830154
830163
829620
829707
829992
829779
830142
829842
829884
830088
829698
830310
831246
837786
831120
831270
832095
830973
830844
832122
831411
831159
831471
831744
831747
831213
831519
831369
831174
836334
831477
831354
831387
857463
858330
830661
829935
829770
829923
829977
829740
829722
830040
829893
835944
829872
829929
830376
829839
881826
829935
829977
829764
829938
830397
829875
829515
829785
829593
830142
836652
829737
829980
830385
830361
829722
829680
829986
829536
829803
829863
830010
829905
883614
831534
830124
834882
829893
829824
830316
829620
829674
830664
830013
829317
829797
829674
829431
829353
830274
829929
831792
836799
831078
831987
831309
831438
831303
831318
831507
831870
831414
831318
831252
831114
831522
831621
830859
837666
831111
831294
831687
831660
883980
831213
881298
830295
829602
829626
829716
829725
829761
829746
835524
829914
829998
829620
829752
829860
829899
829656
829788
829506
829860
830397
830433
830292
829791
829596
834666
829893
830340
830283
829608
984480
860856
861561
865551
1024392
926952
830736
855930
878520
882198
919392
888027
937650
881340
877971
876951
877239
876876
877218
877422
877734
877713
876879
877017
877275
899148
876750
877365
887616
852330
852351
852819
852711
853446
877302
893049
854283
853191
852939
852810
919314
853677
853071
852618
852717
852453
908994
854301
853449
852864
852423
852963
853323
852870
852837
861885
852687
852705
852576
852918
852984
852831
852651
852588
852945
881280
881622
852006
853122
852522
853284
858342
852999
852840
852795
852657
852816
852900
852426
852804
852984
852882
852630
852804
853110
896346
899772
852909
852831
853050
852807
852690
853410
852540
852660
852537
852696
852765
852723
905631
852531
860118
853188
852723
852783
852648
852795
853035
853308
852195
852660
852588
853176
852963
852675
852573
853170
857610
853884
852477
852900
852861
853185
879453
880701
852978
852675
852975
852702
852549
852570
852588
859074
852435
853200
853191
853404
852831
852786
852603
852978
853005
852639
852645
853023
853125
852453
852972
860016
852864
853671
852489
854001
854349
854607
854949
854586
854091
854169
854427
854379
853860
907923
910224
852654
852501
853209
852765
852858
852927
852729
852894
853221
852888
852837
852753
852798
854076
857547
852615
852618
852867
853428
853164
852825
852282
852690
852684
852588
852996
965121
852996
852915
862878
852726
853197
852675
852837
853104
852639
852885
907434
852891
852630
852633
853161
852624
852756
853095
858873
852870
852579
852366
852456
852492
852333
854316
854688
854700
854427
854259
854337
854364
854349
859563
854124
853947
891714
896898
853998
852891
852888
852348
852528
852285
853311
852747
852717
853110
888507
878934
852810
853008
853104
852717
852933
852753
852327
852870
852597
853152
853050
852867
852528
852600
857391
852816
852870
852984
852918
852093
853104
852792
852582
852882
852795
852585
852438
852483
853236
857181
853005
852954
853275
853560
852906
852594
866211
883311
830805
830304
829677
830031
829977
829890
830067
835791
829770
830238
829659
829734
853701
857607
830124
830256
829506
829989
829497
829782
829953
828966
830100
834744
830208
830472
829371
829203
829578
829950
829668
829491
829878
829779
829641
829968
829944
829830
834495
883020
830874
829611
829137
829137
830373
830451
829782
829884
830460
829740
830244
830286
829398
829329
836277
830235
829800
830544
829596
829710
830217
829716
829722
829209
829701
829584
829827
830160
829578
829710
835464
829965
829626
830007
829386
829950
829527
830175
829455
886110
830691
829734
829494
829413
829521
829398
834996
829884
829887
829740
829797
829707
831873
831249
831057
831327
830697
830910
831765
831672
831684
832416
836349
830502
830217
830016
886710
830418
829761
829977
830028
830061
829833
829557
829632
830160
830166
835086
854529
859320
829791
829746
830007
829581
829692
829809
829599
829890
829941
829662
829662
829566
830667
835410
829329
829404
829860
829626
830715
829662
830133
830220
829638
829869
829584
881184
829791
829935
830358
837024
829890
830106
829878
830619
829893
829548
829917
830529
882480
831618
830589
829740
829494
830532
830055
835587
829854
829323
829587
830007
829707
829557
829977
829827
830289
830070
830454
829659
829701
830094
829890
834534
830055
830010
829626
830481
829566
829821
829983
829758
830148
829566
830430
830022
830130
830646
835794
829722
883245
831492
830205
829722
829878
829692
830502
829914
829950
830571
829752
829941
830118
881067
835368
829602
829821
829194
829713
829704
829917
830112
830175
829833
829845
830250
829611
829641
829227
830184
935634
830511
829587
830085
829812
830097
829725
829359
829869
830031
882870
829656
830184
829623
829647
830613
836295
829947
829569
829707
829599
830454
829770
829803
830334
830088
829770
829899
830013
829530
829503
834864
830034
830475
830097
829479
830010
829989
829620
829305
829914
829641
830046
830049
830037
830004
829371
834945
829761
873315
860355
829890
830247
830007
829827
829887
829575
830073
829818
829542
829983
830118
829698
835674
829740
829950
829875
829842
830040
829740
829986
883647
830100
830229
829392
855351
970698
861816
863115
919242
1023357
857841
852954
852864
879999
936666
984924
1046508
855696
853032
853482
853392
890427
906198
877998
877392
877476
876978
876810
877152
876747
877833
877203
876921
877482
860058
829911
830049
897423
830721
829872
829377
856383
973275
859716
853119
853188
852966
852723
852687
852723
852456
853236
861669
852939
852525
852672
854568
881934
859188
829596
830019
830253
829980
829689
830121
829947
830286
830667
834483
830082
884214
830328
830172
830010
829698
829401
830415
829554
829608
829689
829752
829902
830127
830400
836256
830001
830049
829884
830118
829773
829200
830109
829875
830166
829407
883485
830412
829779
829617
886017
835500
829941
830064
829917
830103
829809
830316
881460
829800
829524
830418
830202
829755
829701
829827
834975
830172
830304
829623
829818
829953
830142
830064
829365
829974
829908
830136
829899
829794
829710
830058
836136
830271
830121
829746
884157
830082
830232
829878
830082
830268
829725
829974
831477
831297
831699
831129
836397
831420
831363
831285
831711
831693
831129
831423
831750
832206
831423
832875
831702
831264
831504
831243
836109
831141
831465
831591
831555
831360
831378
832047
831465
831750
881346
854115
857892
830280
830148
836265
830166
831246
829638
829866
830448
829866
829749
829662
830469
830274
829686
830847
830109
830085
830454
835173
830016
829662
941115
830643
830217
829854
829623
829437
830196
829785
829584
829752
830214
829848
829818
837294
829647
829398
829809
883509
830943
829959
830205
829767
830418
830034
829674
830490
829473
829395
830511
838431
829758
830064
829803
829560
830541
829740
829389
829635
830028
884268
832062
853179
857838
830433
834705
830160
830112
829785
829749
830148
830118
829584
830109
830484
829884
830019
829788
882477
830088
829359
834870
829929
830094
830013
829803
830196
829404
829929
829734
829491
829731
829704
829785
830079
829656
830529
835686
830094
829821
829656
829761
829887
829767
829992
830106
829731
829977
830058
830313
829575
829602
830253
834372
829944
829863
829902
829572
883824
830436
829818
829947
829605
829965
829749
829842
829797
830016
830157
886194
830064
829920
829743
829590
830544
829647
829773
829683
830199
830406
830088
829752
831138
831234
836754
829884
830565
830046
829683
830361
829785
829983
829581
829533
829899
830001
829755
856314
856533
830892
837561
829971
830094
830514
829488
829926
829875
829947
829320
829890
830142
829920
830388
829806
829848
830208
834705
829974
830499
829536
830076
830322
829881
829632
830193
830130
830088
830079
830259
829425
831381
831933
837399
832047
830988
881073
830523
882081
831504
830655
830064
829377
829563
829875
830391
830007
829845
835656
829872
830187
829866
830073
829350
829878
830139
830295
829578
829848
861678
855420
830112
830694
830007
834273
830169
830103
829557
829920
829482
829560
829902
830007
830022
829827
829764
830124
830139
882948
831396
836760
829701
829596
829962
829986
830541
829479
830130
830217
829563
856296
857556
829800
829965
829587
829773
834906
830079
829773
830244
829896
829863
881301
829599
830118
829923
830442
830406
829650
830274
829506
834393
829917
829908
829626
830157
829779
829797
883338
830850
830292
829899
829962
830193
829854
830175
829890
836343
830019
830055
830382
829887
830550
830019
830202
829812
829806
829806
829731
830052
830796
829779
829539
835095
829800
829674
829680
829329
829659
829806
830745
830187
829872
830502
830091
829842
829650
855894
857763
834645
829848
829944
830211
829827
829950
830478
830151
829500
880947
829953
829728
829929
829869
829758
830418
937785
829797
830010
829656
829755
829563
829545
830094
829692
829491
829836
829500
829893
829758
830337
834861
829944
829776
829902
829656
830286
829863
963447
831489
829434
829776
830139
829791
829944
829980
831333
836250
831213
831366
831402
831636
831309
831642
830907
831546
831699
831192
831759
832056
831411
831306
831861
888240
830817
829404
829587
830097
829977
829878
830112
829833
829497
829806
856119
855255
829539
829566
888612
830910
830193
829836
830355
830394
829833
829683
830526
830064
829674
830187
830310
830151
829956
830154
834735
829716
830094
830040
994332
861120
860421
892368
1065021
933123
854367
853086
852558
955527
861639
1027353
937152
878697
877851
877092
877725
877617
877524
877497
877308
877170
876984
877200
876744
876915
901953
877518
877095
878094
877638
898170
829842
854289
856761
829704
830016
830553
829710
829470
950490
931368
889029
886317
853443
852759
852342
852609
852762
852900
853395
852723
852489
852792
874077
856302
884451
831090
830079
829893
880185
830379
883935
831477
830226
829797
829503
830367
830133
830223
830268
829884
835098
829446
830016
829845
829884
829896
829767
829857
829935
830181
830262
829986
829533
829551
830382
829803
834849
829824
830013
830130
830337
829779
829923
831012
883434
830514
829908
829740
829959
829833
829995
854664
863307
880647
829407
829749
830049
829785
830064
830277
829491
829833
830688
830037
829587
829815
829851
834441
829374
830259
829437
830196
830418
830094
829920
830058
829902
829620
829809
829617
829896
830133
829539
835440
882963
830175
829503
829587
829506
829683
830043
830307
829506
829521
830670
829998
829908
830025
829167
836958
829944
829719
829578
829617
830145
830310
829764
831801
831258
831321
831474
831402
831876
831636
831285
836835
831888
831339
831132
882150
829977
829782
829518
856368
855846
954510
858315
830475
830142
830013
835467
863586
852708
852777
852963
852387
852441
907782
853113
852834
852945
852714
853041
852687
859731
840573
829635
829692
829668
830016
829686
830073
830409
829965
830157
829680
829968
829932
829791
829953
829683
835467
854682
858678
829476
830412
829881
829947
830061
829671
829971
831426
831453
831873
831540
831354
885009
835440
830118
829998
829788
829926
829998
829989
856455
854988
830436
829776
829647
829731
829935
830160
829371
836490
829755
829614
829527
829932
829830
830043
829956
829719
882609
830166
829884
829896
829584
830076
829830
835575
829755
830313
829953
829929
829536
829887
829758
829668
830352
830184
830094
830973
830187
829902
834063
829635
830028
831753
831558
831576
831351
831702
831774
831603
830958
831639
831183
831438
832248
830778
837792
831162
884010
831384
830283
829812
829407
829620
830100
830019
856617
854478
830397
830070
830148
829605
834762
829767
829620
830136
830115
829845
832122
831024
831507
831495
831228
831480
830979
831222
831096
831819
834672
829695
829764
829659
830418
830259
829302
829956
829713
829977
884085
829986
829938
829521
830685
836409
830349
829662
829698
829941
829776
829791
830214
829815
829656
831180
831798
831312
831252
831153
831561
835767
830325
829689
830385
829947
829665
830394
829680
829692
829938
829602
829935
829650
854058
856680
830154
834537
829866
853887
860460
829848
829230
830580
829743
829803
830007
830262
830079
830019
829785
829923
829497
836376
882828
831858
884373
830511
829755
829632
829395
829542
830178
829524
829896
829737
830070
830220
829992
834741
829788
829548
829452
829386
829569
830070
829719
829950
830613
882411
830667
829992
829407
829695
834678
830193
830064
830130
829713
829698
829620
829659
829548
829500
829674
829251
829668
829878
830520
830163
862491
854091
829857
829224
830118
829695
829533
829962
829638
829608
830451
830241
829758
829680
829722
829749
834237
830151
829800
882474
831213
830604
829716
829722
829281
829485
829494
829797
829377
829467
829929
829992
834735
829695
829953
829575
830304
829683
829383
829446
829647
830013
830511
830031
829776
830256
830112
829542
836166
829119
829668
829413
830301
830007
829623
829698
829788
829575
829245
883125
830928
829338
830238
835023
830277
830124
855006
855762
829620
829590
829086
829824
830085
829521
830076
830355
829863
829755
830418
834273
829500
829530
829812
829692
829986
829893
829791
829791
830403
829602
829572
829533
829431
829386
829671
835443
829716
830109
830082
883695
830736
829425
829188
829674
829467
829128
829551
830073
862815
937326
1030188
861297
853176
852990
954105
860763
1086432
991167
879816
877509
877551
876972
877008
876600
876822
889107
877434
876822
876885
877218
877077
934410
879873
852711
852954
852930
884259
878052
852837
852477
861705
852138
852618
852510
853362
852645
852918
886404
974997
895941
889554
890142
942441
880701
877377
906117
878148
877164
877362
877236
877314
877167
879609
852717
852684
853260
853407
853521
852405
866616
893781
831117
830145
830112
857562
973764
886038
1010364
1091553
879846
876996
877050
876813
877185
877023
892977
877188
877338
878979
878580
879201
892371
829956
916875
912957
831000
829311
829773
830499
829623
836370
830196
829647
829569
830286
829650
829878
830016
830328
884490
830847
829407
855162
859428
830016
829767
835980
829671
830178
829620
829671
829854
829869
830169
830100
829848
830118
829932
829599
830634
829641
836901
830196
830265
829509
830457
830610
829662
829863
829302
829170
883047
829833
830478
830022
829692
829572
834603
829554
829968
829734
829863
882786
830670
830325
829923
829788
830247
829326
881451
830100
830169
829962
850668
830418
830031
829749
829758
829443
829494
829731
830034
829851
829752
829380
829980
829785
829764
829545
837219
829467
830421
829680
829605
830214
829623
829902
829659
829848
829815
829878
830346
882732
831471
836175
829338
829641
829749
829866
829800
830388
829542
829605
830001
829944
830112
829545
830199
830055
829854
834381
829551
829653
830763
829908
829779
830532
829494
829704
830103
831510
831444
831363
831219
831495
881724
835938
830073
829971
829953
830244
860358
864801
830424
829728
830214
830421
829953
829884
829662
940716
830490
838236
829986
829656
830268
830034
829641
830085
829428
829815
830019
830247
830739
829890
829962
829740
836124
830166
829839
829788
830007
829740
829287
829620
830208
830481
830190
829968
829554
829788
858174
855909
836442
830007
830262
829734
829854
830019
883083
830943
830706
830244
829188
829806
830142
830325
830034
829626
834720
829806
881304
829935
829872
829290
829620
830043
830010
829737
830652
830292
829659
830448
829470
829686
834636
830082
830139
830226
829248
830028
883632
831363
829902
830442
829506
829578
829851
829812
829608
862866
854559
830076
829989
830079
829605
829806
829890
829926
829800
830070
829995
830037
830022
829797
830271
834861
829782
829377
829635
830010
829938
829851
829866
829758
830022
829908
829611
829704
829788
830514
883365
835269
829923
829212
829884
830097
880710
829854
830238
829410
829656
829695
830337
830220
830016
830145
830211
837081
829989
829911
829860
829668
829878
830238
830238
830133
830013
829857
829629
829656
829479
829875
829662
835437
830061
829392
829785
831498
831627
831612
884094
829662
829662
829491
830100
829857
830688
829971
834450
829578
830316
829839
829680
829623
829740
829758
829758
829515
830304
829479
830178
830118
829830
829830
835359
830364
829857
829797
829920
829890
831876
831870
881229
829563
830013
829860
829719
829647
830088
856911
862404
829908
884541
831348
830331
829476
830481
829572
829788
830151
830151
829776
829722
830529
830049
829872
834912
829410
829743
830241
830157
829659
830328
829935
829395
829641
829815
829755
829665
831810
831573
831234
836454
829665
829881
829587
829329
830397
829920
882435
830733
830466
829860
829650
830040
829803
829359
834708
830241
829608
830373
830148
829899
829872
829902
829953
829911
829725
881670
830007
829788
829935
830001
834963
829836
829752
829920
829671
829653
829800
829431
829746
831282
831954
831822
831633
831213
831468
831345
889083
830484
829548
829557
829452
830568
829668
829827
830091
829242
830148
830070
830025
829641
829851
830127
834627
829878
830145
830451
829494
830109
829593
829062
829848
830595
829437
829944
829554
829770
829665
829632
834579
830136
829641
829992
829626
829608
829980
829716
883476
831573
829872
829836
830394
881094
830058
836541
829449
829872
829995
829779
830109
829767
829455
829833
830019
829779
829869
829485
830481
829980
829809
834885
829461
829842
829659
829356
829944
830061
829362
829650
829653
832335
831414
831216
832128
831006
831117
859890
859272
830199
830154
829986
829764
829302
829746
829707
829401
829566
829791
829938
829674
829740
829728
835488
829668
830325
829671
829407
829860
829740
830259
829722
830217
830310
829662
830064
829686
829854
834186
881499
830106
830256
829440
830034
830091
830244
829614
858753
854718
829821
829548
830427
830139
1085289
879162
861186
866166
1029411
859932
852738
852873
853041
958911
888138
932211
935217
878193
877650
877155
919191
877614
876960
876948
876633
877512
876948
877185
877716
877269
877203
876747
876993
876702
877152
899109
885657
830238
830280
829884
829884
829902
829887
829512
829200
830109
829752
829794
829479
829815
836490
829977
829890
829587
1000359
831012
829770
829980
829887
830577
830118
829665
829779
829185
829632
829689
836505
829881
830532
829899
885087
830640
830280
829869
830025
857625
856035
830874
829824
829875
829812
829917
835212
830253
829746
830025
830421
829962
830400
830484
829827
829929
830460
829716
829533
829974
830154
834966
829947
829767
829971
829791
830040
829509
829623
830010
829539
829839
830409
829995
831336
831219
831291
838278
831546
884283
830373
829173
829665
857094
853521
829641
829806
829941
829596
829821
829530
830097
830991
836721
831834
831459
832632
831216
831594
831411
831219
831981
831438
831024
832233
831366
831042
832806
831378
839070
831531
831165
831729
831255
831687
831039
831492
831549
831486
883866
830547
829638
829422
829734
836709
829677
830127
829782
829551
830133
829899
829953
829710
829974
830010
829776
829827
829746
829674
829530
835035
830004
830040
829737
829818
829566
829614
829686
829761
856023
855204
830070
830151
829812
829737
829950
834480
829731
935520
861156
830061
829857
830256
830346
829614
829521
856674
858141
830862
830316
829719
830217
839748
829710
830076
829764
829716
829779
829947
830862
830103
829962
829776
829893
829758
829743
829866
836307
829638
830220
830784
830214
829821
830544
829344
829707
829737
863418
876783
831417
829944
830055
829965
835254
829932
830142
829596
829503
830073
829821
829752
830256
830649
829425
829710
882444
829857
830295
830031
939996
830748
830619
830493
829800
829893
829803
881574
831009
829593
829806
830346
829944
829908
829899
830382
834927
830100
829653
883116
830421
829872
830091
829509
830238
829536
829635
829908
830139
830580
829533
834750
829671
829824
829875
829401
829767
830535
829977
830268
829647
829941
829869
830193
829524
829428
829833
836208
830073
829866
886773
830949
829680
829878
829506
829635
829641
829884
829857
882828
829839
830112
881823
834474
830109
829905
829629
829608
830097
829848
829641
829635
830259
830385
829551
830007
830307
829980
829848
834348
830016
829953
830133
829758
830193
830847
831969
832209
831825
831546
831390
831978
832188
831663
837648
829746
829683
830019
858786
854244
829827
830334
829623
829815
830172
829512
829506
829983
829782
830100
896322
1024167
1052214
934620
903366
902688
903336
903402
902589
903009
902871
902931
902601
903105
914559
902814
914388
829617
830103
829764
886005
831240
829734
829884
830625
830241
884451
831330
830031
829866
839121
830088
830241
830082
829299
829833
829893
829647
829761
829905
829500
829695
829662
830475
829887
829815
835188
830106
829452
830472
830112
830241
830370
829647
829557
829680
829692
830259
829755
830421
830109
829896
834279
829632
829764
830112
883092
831159
830526
830154
829539
830607
829743
829677
829860
830001
830160
836067
830235
829881
830289
829863
880947
830793
829716
829659
829524
830199
829827
829986
830169
829617
830115
834579
830112
829623
829704
829794
830475
830421
829701
829704
829632
830280
829719
829743
883035
830760
829962
834789
830517
830049
829638
829368
829632
830010
829830
829539
829836
829680
830187
829806
829902
830196
829518
835566
829521
829989
829782
829506
830541
830301
829842
829737
829638
829920
829680
829386
829782
829482
829509
835353
829374
830043
830427
830139
883215
830985
881718
829674
829617
829611
829695
829977
829803
830112
834570
829764
829671
830133
830472
829359
829875
829896
830259
829977
830133
829821
829551
829971
829995
829845
835896
830064
829935
829761
830028
829731
829908
831357
831174
830976
831432
831555
830898
856734
888093
859527
834723
829842
829596
829230
829785
829674
830427
829803
829671
830652
829812
830040
830082
829320
829962
829689
834789
829809
829836
829653
829875
830022
829848
829422
829407
829818
881151
829896
829482
830229
829827
836241
829680
829890
889929
1040361
860025
920916
919839
1024626
855963
853896
882885
879072
883494
886467
972411
883038
877272
876930
876660
877236
877443
877296
877548
877131
876894
880125
877803
876741
877149
894480
878070
868548
830760
830454
829752
892179
857178
830460
829278
829491
829728
829842
829950
884532
872700
855936
829572
829338
829932
829755
829590
830013
830172
829944
830136
830067
829512
829695
947430
882441
836148
829719
830631
829818
829710
830211
829707
829209
854367
860808
829980
830310
830178
829827
829638
830616
835446
829887
829371
830043
829896
830385
859629
854826
830196
829431
829578
830064
829902
829872
829728
829758
837057
830076
829650
829647
830307
830127
829638
829995
830175
829569
829776
830016
829749
830031
829974
835119
830013
829893
829629
829626
829854
830034
830112
830067
830178
830199
829851
830415
829719
829989
883596
835830
882015
830235
829698
829629
830574
829875
829971
830703
829890
829758
830217
829833
829518
830097
829896
836406
830115
829332
829329
830376
830277
830049
829746
829773
829506
829935
829782
829812
829605
829722
830211
834942
829728
829845
829542
829917
829866
829863
883329
831201
829935
830319
830289
829770
829824
829578
860769
864264
829908
830340
830280
829971
830046
830199
883182
830115
829986
829845
829884
829404
829674
829812
836325
829335
830010
830136
881406
829893
829800
941601
830391
830223
830397
829773
829920
830214
829782
860382
862038
829869
830232
829941
830082
830409
829629
829686
829554
830130
830529
829647
830292
829656
829809
829863
835005
829434
830418
829611
829947
829839
829866
829929
829779
830157
830178
829635
830130
830244
883359
838425
829755
829563
829908
829881
830358
829755
829698
882786
830469
829866
829926
830544
829755
829659
829737
835371
829794
830400
896829
898812
829503
881565
829902
829509
829776
829638
830088
829539
829461
829998
830247
835230
830670
829842
829710
830112
830085
829776
829617
830238
829776
829692
830550
830001
829743
829509
830283
890064
830733
829740
830439
829833
829806
829830
829974
829791
829503
830079
830400
829797
829515
829812
834840
829770
830652
829626
829752
830160
829698
829734
830082
829989
829731
829977
830907
829959
829647
829764
887454
830202
830082
830001
829701
830109
829494
829812
855111
911481
829881
830211
829752
829776
830115
830019
836655
830085
829746
829578
830085
830184
829983
829767
830190
829428
829779
829500
829704
830022
829983
829887
835212
830031
831537
831033
831900
831171
831336
832545
832029
831522
831207
831840
831288
831702
831408
837489
884085
831720
830646
829755
830517
830499
829620
829800
831459
831609
832074
831315
831840
831702
831825
838197
831738
831159
831456
831249
831612
831153
831474
831444
831897
831555
831897
938700
830991
829734
830073
835464
829869
829848
829752
829737
829899
829605
829797
829530
884091
832800
830160
829569
830277
829503
829713
835164
829248
829782
830100
829851
829548
829728
829749
829668
829686
829995
829794
829056
829311
829563
836430
830265
829587
830118
830067
829614
830076
829797
830313
830046
829611
830244
829665
829884
830103
829977
834909
829989
883716
830796
830409
829818
830097
829812
829959
829872
829980
830022
829551
829707
829641
881046
834612
829923
830271
829872
829986
829524
829980
883302
831480
829659
829923
829506
829992
829914
830127
830274
836424
830163
829911
829602
829245
830751
831264
831546
831417
858354
857271
830409
829791
829749
829704
829350
834717
829506
830154
830061
829947
829920
830214
829764
829485
829818
859731
853767
829878
829947
829794
834897
829938
829395
829785
829710
830238
829563
830463
829797
829935
829875
830079
829896
829596
830565
829989
836370
829566
862188
855597
830193
830292
830442
829734
829587
829719
829497
829788
829863
830001
830493
829950
834675
829635
830232
829770
829641
829875
830472
829806
830157
830595
829725
829578
830169
829776
829881
829527
834051
829563
829656
830592
830076
830154
830946
829812
829683
829740
883248
830280
829602
830142
830523
836436
830160
829815
830160
829701
829443
829686
829347
829536
829680
829881
829569
829653
829500
829923
829491
834666
829947
829467
830337
829980
1094946
901566
885267
889224
945168
883467
877749
877416
877098
882810
916824
884847
938463
890883
854979
889611
877194
876957
876789
877431
877200
876978
877614
877362
877119
904878
877476
877221
875925
829545
829536
830196
829788
829251
829719
830505
829833
829587
829620
829788
829902
894984
830361
830331
829734
829647
830442
829812
829350
829635
829875
829635
883581
830886
829698
830181
837240
830046
829761
830325
830202
829818
831066
829947
888570
945144
884154
831345
830316
857421
852810
852924
860484
852963
852438
852507
852765
852894
853323
852768
853218
853089
852576
856053
829545
829491
829725
834390
830442
830085
829755
883635
831240
829983
830022
829578
829293
829494
829524
829488
829710
830244
830178
835110
829860
829479
829491
829524
829740
829758
829314
829596
829962
829695
830385
829869
829905
829500
829674
835728
829713
829917
829827
829896
830010
829905
829311
829569
829233
829665
871710
860169
829554
829767
829446
835614
829860
830241
829800
829191
829425
830259
829431
829737
829842
829803
829668
829956
830280
829560
835020
830028
828999
829068
830100
829296
829764
830442
829614
829779
829248
829872
829770
829044
829254
830082
835629
830463
829683
829821
856302
856278
829659
829680
829317
829176
829611
830013
829785
829740
829722
829728
834471
829749
829923
829383
829053
830343
829704
829671
829506
829530
829695
940908
830196
830412
881556
829824
838542
829695
830223
829455
829572
829704
830010
829824
829998
830151
829599
987669
867336
830427
829950
837957
830478
829890
829827
830310
830538
829287
829905
830046
829986
829989
830148
829773
829986
831099
830043
834366
830214
830112
883524
831489
830112
830046
830367
829518
829896
830556
830016
829536
830286
829779
830202
835065
830157
829800
830112
829857
883383
830331
830043
829743
829689
830277
829917
830289
830553
829788
829470
862797
854784
829863
830469
829533
830094
829815
829401
829986
829836
830355
829827
829434
830355
829695
834726
829962
829671
829539
829497
829863
829896
829815
830238
829575
831411
832800
831564
858744
855480
830034
834477
829659
830052
829644
829581
829617
829752
830004
829413
829809
830403
829746
831789
830868
831456
831156
837552
831195
831123
831060
831237
831960
831576
831681
832125
831441
831387
832044
831198
831417
831441
831501
836781
831297
831816
856455
855951
882543
830139
829914
829479
830268
829959
830163
829740
829704
830049
834618
830184
830010
830184
829392
829632
830070
829866
829845
831324
831444
831645
831456
831762
831345
831828
837180
829911
829473
829914
829656
829758
830214
829689
830391
829602
829905
829896
830202
829899
883626
831213
834468
830325
829803
829632
829956
830139
829608
829806
830109
829785
829932
830049
829746
829608
829665
830190
836178
832110
831264
831237
831201
831438
856431
856746
829764
829806
830547
829893
829611
829800
830034
830055
835887
829713
829473
830409
829968
829962
884718
854919
861222
830421
829818
829527
829470
829413
829509
834903
830211
829863
830031
830058
829761
829806
829398
829638
829452
830214
829566
829944
829830
830208
829788
835503
829392
829581
830046
829344
829599
829647
830247
830157
829665
830367
829539
829446
829854
856137
856269
836619
829968
829779
830118
829797
829755
829845
829725
829866
854697
855963
829527
829944
830463
830208
829818
835707
829443
829863
829905
829728
829590
829497
830001
829866
829905
830268
829803
829278
830004
829536
830163
834996
829488
829980
829533
829926
829740
884037
830772
829587
829767
830346
830097
829440
830421
829818
836199
829899
829761
829698
830112
829770
829638
829581
829554
829752
829866
830481
829752
829752
830352
830289
834852
829839
829419
829248
830754
830400
829809
829935
829917
830220
829602
829986
829413
880977
829509
883401
835680
830763
829632
829827
829920
829713
829605
829395
829578
829581
829881
829713
831435
831405
831882
831300
838686
829098
829674
830115
829644
829836
829863
829827
829719
829716
829923
829710
829236
829206
829233
829287
862548
908595
991056
834102
830187
829482
924201
965865
1011159
1041990
857184
852957
852780
878232
903513
878472
876930
877488
877509
877206
876864
876951
935202
883113
883332
887733
917697
917490
901590
964551
878325
877305
877281
877128
877206
876609
876672
876972
877005
876729
876876
861018
830172
829524
950094
830781
829563
830604
829818
829455
829584
829749
829800
830424
830139
829608
829431
829653
829734
830082
899436
830649
830019
830373
829749
830043
829905
829677
974937
862740
1083684
975834
831693
858618
877080
904803
877680
877347
877359
877680
877173
876747
877998
878049
877674
876948
897096
857529
857502
830601
836814
829773
948309
883284
830607
829839
830127
829485
830052
829713
830436
829758
829896
830505
829743
835143
829785
829599
829533
829701
829335
829812
830106
829875
829833
830310
830412
829401
830094
830319
829956
859794
860082
829749
829830
830250
829974
829860
829593
829680
829626
829596
830043
829869
829851
830244
830190
835653
829986
829626
829521
829956
830085
829809
830373
829605
829941
829749
830397
830334
830376
829704
829473
834105
829584
829623
829710
830481
880965
829575
829725
858525
855597
830589
829590
829677
829986
829743
836757
829719
830160
829842
830193
829701
829635
829611
829458
829635
829998
830181
829983
829839
829716
829875
835071
830316
829956
829887
829494
829944
830223
829560
830217
829899
829824
829725
829491
829593
829179
830268
834876
883491
830853
829509
829965
829791
830142
830127
829776
829494
829764
829884
829725
829467
829578
830508
835986
941352
830919
829905
829779
830103
829977
830007
881211
829275
829491
830289
830262
829866
829650
838488
829989
830484
829953
829959
830256
829944
829614
830286
830511
883554
829719
830229
829911
829956
830310
834849
830034
830196
829374
829560
830613
830019
829950
830220
885306
830490
830157
829251
829854
830898
830634
836703
830034
829548
829968
830478
829521
830877
831930
831009
831378
831474
831333
831330
831285
831792
831378
836196
856659
857826
830091
829524
830295
829839
830196
830619
829656
829644
880758
829872
829866
829668
834987
829455
829782
829686
830295
829815
830115
829830
829440
829719
829593
829545
829440
830874
829806
829845
835950
829668
830313
829833
829437
829902
830421
829962
829758
829932
882936
831057
830400
829989
830025
830007
834972
829488
830139
829872
829746
830172
829812
830013
829545
829857
829488
829629
829671
830511
829953
829326
834630
829635
830256
829617
829674
829650
830160
829827
829695
829815
829536
829971
829881
829977
881004
829557
835800
829341
882837
831363
829902
829758
830541
829812
829677
829584
830052
829584
829878
829998
830118
835146
829644
829704
829977
829458
829896
829929
830046
829893
829812
829587
829626
829602
829611
830565
830181
834279
829392
829632
829752
830445
829539
829665
829722
829674
829923
830181
882780
830907
829626
829839
829647
835884
829986
829422
829566
829956
829749
829899
829593
829908
830145
829326
830097
829839
830256
830991
830091
834351
881100
829230
829953
830433
829749
829932
829719
829737
829794
829869
829791
829917
829713
830085
829770
834306
883899
830535
884391
830238
830007
830166
830262
829947
829893
830112
829863
830364
830571
829629
836226
830283
829911
829797
829938
829746
829878
830799
829881
829407
830259
829416
829728
829911
829980
830034
835161
830370
830109
829608
830298
829713
829737
830013
829425
829695
829890
856659
857559
830526
830235
829704
834570
829488
829674
830091
880875
829611
829827
829680
829905
881106
830349
830043
829908
829977
829908
830151
836334
829989
829683
829539
829824
829812
829836
830058
829602
829725
829851
829755
829746
829947
830322
829725
829935
829575
829707
882999
830634
829776
829785
830874
829779
829875
830217
829953
829389
830454
829305
834636
830196
829764
830262
829710
830277
830316
829746
886332
830880
829878
829974
829689
829962
830076
829665
835548
830007
829812
829809
829977
829653
829830
880995
829608
829815
829485
830187
883374
831156
829866
829431
835059
830277
829368
829962
829734
829809
829512
829833
829635
829701
829611
829959
829683
829494
829854
829941
835521
830250
829803
829830
829284
829299
829659
831624
831603
831468
831936
831360
831231
831981
831468
837717
831210
831315
831255
830967
883869
830877
829845
829818
830310
829926
829701
829650
829725
830355
830058
834921
829671
1033125
860544
860853
862170
1078332
860529
895164
877674
877218
885126
884532
884259
939201
911448
876828
876984
877746
877257
877335
877359
877314
876987
877368
877299
876939
878748
876783
829515
898080
830223
830265
830019
829989
830805
829731
829803
830160
830013
829803
829827
829848
829884
829956
830052
836589
830247
830250
829731
829623
829638
829545
829629
830415
830016
830166
830148
829872
829941
830142
835626
830256
830208
829749
829977
858807
855885
860394
854430
829986
829911
829740
830385
998796
831099
829755
837708
829881
830049
829698
829953
829782
830157
829599
829641
829692
829599
829701
829890
830427
829917
829995
834906
830160
830046
829788
829776
829632
829602
829572
830121
830109
829992
829695
829884
883017
830790
834828
829299
829935
829440
830217
830505
829695
830124
829437
829764
829767
829731
829536
829278
829833
829854
836685
830184
829608
829839
830313
829620
829716
829455
829440
829728
830349
830607
829542
830055
829755
829440
885468
830145
829683
829884
829599
830136
883965
830874
829893
829797
829899
829761
829215
829503
829875
829479
834306
830292
830052
830334
830127
829626
829851
829800
829602
829602
829653
829644
829917
829899
830142
829596
836163
830448
829584
829731
830292
829383
830037
830481
830133
829497
830130
830010
829566
853218
859767
834837
829626
830292
830295
830031
940221
830943
829920
830019
830058
829833
829446
829896
830193
830241
829908
837687
829779
829869
880827
830013
829875
829998
830031
829905
830124
829287
831219
831762
831321
831255
832299
838257
831615
831687
831606
831204
830973
883617
830814
829533
830406
830154
829989
883545
831327
829713
829731
834819
829632
829986
830016
829749
830016
829719
829704
829587
829923
829854
830214
829902
829599
829731
834660
830079
829710
829923
830028
829785
829746
830148
829593
829272
829932
830127
831963
831108
831555
883401
837087
830127
829833
829506
829500
829638
881055
829674
830079
829677
829737
829905
829938
830034
829314
830658
835335
829734
829890
830214
829686
829467
829743
830409
829668
829506
829350
829773
830007
829824
829818
829860
835518
830250
829335
830061
829899
829926
829752
884064
830070
829689
829806
829968
829992
882948
830124
