314633
275
252
227
196
136
92
55
40
52
773
21359
27513
15002
16599
20658
18046
18971
25427
26185
22538
19945
21865
20729
19674
18875
19322
20044
18300
14184
12687
13333
12595
11366
11148
11686
12048
10153
8773
8592
8448
8833
8192
7308
6877
6849
6855
7154
7125
7038
7418
7279
7628
8464
8435
8070
8611
8024
7392
6838
7228
5975
5872
5965
5649
5127
4366
3938
3681
3720
3663
3452
3349
2832
2274
2116
1726
1171
950
837
852
920
1003
1112
1101
629
412
290
158
21
4
4
5
0
0
2
0
0
0
0
0
0
0
0
0
0
0
0
0
0
0
0
0
0
0
0
0
0
0
0
0
0
0
0
0
0
0
0
0
0
0
0
0
0
0
0
0
0
0
0
0
0
0
0
0
0
0
0
0
0
0
0
0
0
0
0
0
0
0
0
0
0
0
0
0
0
0
0
0
0
0
0
0
0
0
0
0
0
0
0
0
0
0
0
0
0
0
0
0
0
0
0
0
0
0
0
0
0
0
0
0
0
0
0
0
0
0
0
0
0
0
0
0
0
0
0
0
0
0
0
0
0
0
0
0
0
0
0
0
0
0
0
0
0
0
0
0
0
0
0
0
0
0
0
0
0
0
0
0
0
0
0
0
0
0
986
